State: [0.7660844898223873, -1.6460538339614867, -3.1213452416171847]
Control: [100, 100, 80, 80]

State: [0.7643323516845699, -1.6462709140777587, -3.118371611320695]
Control: [100, 100, 80, 80]

State: [0.7596817588806148, -1.6428684425354003, -3.1119992473830513]
Control: [100, 100, 80, 80]

State: [0.7513371086120602, -1.6340434980392455, -3.107668254311929]
Control: [100, 100, 80, 80]

State: [0.7406044578552242, -1.6213744115829467, -3.0994096559414195]
Control: [100, 100, 80, 80]

State: [0.7309527969360348, -1.6097206306457519, -3.091943156815453]
Control: [100, 100, 80, 80]

State: [0.7309527969360348, -1.6097206306457519, -3.091943156815453]
Control: [100, 100, 80, 80]

State: [0.7309527969360348, -1.6097206306457519, -3.091943156815453]
Control: [100, 100, 80, 80]

State: [0.692029294967651, -1.5577573013305663, -3.0636488554881907]
Control: [100, 100, 80, 80]

State: [0.6632812595367428, -1.522338671684265, -3.0422725500684633]
Control: [100, 100, 80, 80]

State: [0.6350584602355953, -1.4907534551620483, -3.0213371149926895]
Control: [100, 100, 80, 80]

State: [0.6091642951965328, -1.4638249111175536, -3.0042321085127988]
Control: [100, 100, 80, 80]

State: [0.5836747264862057, -1.4382548761367797, -2.988256223346775]
Control: [100, 100, 80, 80]

State: [0.5563612556457516, -1.412268681526184, -2.972391612174808]
Control: [100, 100, 80, 80]

State: [0.5345135307312008, -1.39266948223114, -2.960212594870186]
Control: [100, 100, 80, 80]

State: [0.5099044418334957, -1.3714068365097045, -2.947482986926915]
Control: [100, 100, 80, 80]

State: [0.46451622009277305, -1.3340480756759643, -2.9256479367668105]
Control: [100, 100, 80, 80]

State: [0.4363728141784664, -1.3118849229812621, -2.9126528209684137]
Control: [100, 100, 80, 80]

State: [0.3967471694946285, -1.2822561693191528, -2.895604461670905]
Control: [100, 100, 81, 81]

State: [0.36089235305786094, -1.2566566896438598, -2.8814393193033943]
Control: [100, 100, 81, 81]

State: [0.34423309326171836, -1.2450777721405029, -2.8754828340306537]
Control: [100, 100, 81, 81]

State: [0.2895856475830074, -1.2062592935562133, -2.861766988971044]
Control: [100, 100, 82, 82]

State: [0.25167089462280234, -1.1802736949920654, -2.853816671856446]
Control: [100, 100, 82, 82]

State: [0.22415643692016562, -1.1622029972076415, -2.848574368797117]
Control: [100, 100, 82, 82]

State: [0.18472867965698203, -1.1365062427520751, -2.840800824618232]
Control: [100, 100, 83, 83]

State: [0.13494544982910117, -1.1041095089912414, -2.831292018770147]
Control: [100, 100, 84, 84]

State: [0.09120803833007773, -1.0746283960342407, -2.825030628058965]
Control: [100, 100, 84, 84]

State: [0.064759311676025, -1.05547545671463, -2.8225717866339375]
Control: [100, 100, 84, 84]

State: [0.025932369232177344, -1.0250288081169128, -2.8212432307132764]
Control: [100, 100, 84, 84]

State: [0.003072795867919531, -1.0060549807548522, -2.8201202548729203]
Control: [100, 100, 84, 84]

State: [-0.046433868408203516, -0.9632937741279602, -2.8169538717888307]
Control: [100, 100, 85, 85]

State: [-0.06130308151245156, -0.9498711061477662, -2.8161743368693766]
Control: [100, 100, 85, 85]

State: [-0.08077711105346719, -0.9318561983108521, -2.814991448095047]
Control: [100, 100, 85, 85]

State: [-0.13469404220581094, -0.8772267532348633, -2.811662773928127]
Control: [100, 100, 85, 85]

State: [-0.1678437614440922, -0.840095980167389, -2.8084050613427793]
Control: [100, 100, 85, 85]

State: [-0.19539350509643594, -0.8076283764839173, -2.8056677427683265]
Control: [100, 100, 86, 86]

State: [-0.22356266021728555, -0.7727947664260865, -2.8017419618610204]
Control: [100, 100, 86, 86]

State: [-0.24984878540039102, -0.7386699151992798, -2.798512488418748]
Control: [100, 100, 86, 86]

State: [-0.27631229400634805, -0.7023451161384583, -2.7947810422996353]
Control: [100, 100, 86, 86]

State: [-0.30153745651245156, -0.6670038533210755, -2.791293658433936]
Control: [100, 100, 86, 86]

State: [-0.32584136962890664, -0.6316655707359314, -2.787151274940046]
Control: [100, 100, 86, 86]

State: [-0.3517755889892582, -0.5934595596790314, -2.7828398710233646]
Control: [100, 100, 87, 87]

State: [-0.37607759475708047, -0.5571813118457795, -2.7790540697463966]
Control: [100, 100, 87, 87]

State: [-0.39644474029541055, -0.5259988737106324, -2.7763858803290837]
Control: [100, 100, 87, 87]

State: [-0.4263476753234867, -0.4788372647762299, -2.772579135079388]
Control: [100, 100, 87, 87]

State: [-0.45638460159301797, -0.428970320224762, -2.7693816824571433]
Control: [100, 100, 87, 87]

State: [-0.48027414321899453, -0.3873754125833512, -2.767157521288557]
Control: [100, 100, 87, 87]

State: [-0.49807638168335, -0.35524482846260075, -2.7655443904233823]
Control: [100, 100, 87, 87]

State: [-0.5206965827941898, -0.31294968545436863, -2.763905853089208]
Control: [100, 100, 87, 87]

State: [-0.5421170616149906, -0.27183589905500416, -2.762487476497971]
Control: [100, 100, 87, 87]

State: [-0.5540413284301762, -0.24845283299684526, -2.7615642074057427]
Control: [100, 100, 87, 87]

State: [-0.5865163230896, -0.18316343620419503, -2.758922532718162]
Control: [100, 100, 87, 87]

State: [-0.6073455238342289, -0.13772600710392, -2.754776853645058]
Control: [100, 100, 87, 87]

State: [-0.6171998405456547, -0.11603088498115541, -2.7542668995179374]
Control: [100, 100, 87, 87]

State: [-0.6427416229248051, -0.05850519806146623, -2.7511991859452545]
Control: [100, 100, 87, 87]

State: [-0.6594643020629887, -0.017987890243530286, -2.7472115681049276]
Control: [100, 100, 87, 87]

State: [-0.6918472671508793, 0.05926563024520873, -2.7402244788422374]
Control: [100, 100, 87, 87]

State: [-0.7047175788879398, 0.08914061069488524, -2.737201642877513]
Control: [100, 100, 87, 87]

State: [-0.735296669006348, 0.1565891373157501, -2.7331267002947386]
Control: [100, 100, 87, 87]

State: [-0.7572068595886234, 0.2048725950717926, -2.7301130318564333]
Control: [100, 100, 87, 87]

State: [-0.7617172622680668, 0.21505080342292784, -2.728953530776895]
Control: [100, 100, 87, 87]

State: [-0.7966131591796879, 0.2926308977603912, -2.724978746840031]
Control: [100, 100, 87, 87]

State: [-0.8229331398010258, 0.35151906490325924, -2.72154077933898]
Control: [100, 100, 87, 87]

State: [-0.8452586555480961, 0.4014212656021118, -2.7183620700851585]
Control: [100, 100, 87, 87]

State: [-0.8683013343811039, 0.45264895439147945, -2.715365610852535]
Control: [100, 99, 87, 87]

State: [-0.890412750244141, 0.5019536781311035, -2.7127204665923155]
Control: [100, 99, 87, 87]

State: [-0.901668968200684, 0.5271579194068908, -2.7116636311233946]
Control: [100, 99, 87, 87]

State: [-0.9293283843994145, 0.5903264451026916, -2.7100288529817593]
Control: [100, 98, 87, 87]

State: [-0.950982990264893, 0.6411562132835388, -2.7100365326440317]
Control: [100, 98, 87, 87]

State: [-0.9721345329284672, 0.6922669577598571, -2.7114415028397545]
Control: [100, 97, 87, 87]

State: [-0.9930066490173344, 0.7444133925437927, -2.714260047833365]
Control: [100, 97, 87, 87]

State: [-1.011886539459229, 0.7919233012199401, -2.717968055729371]
Control: [100, 96, 87, 87]

State: [-1.012659015655518, 0.7938794660568237, -2.7181697987826783]
Control: [100, 97, 87, 87]

State: [-1.0481199645996098, 0.8873468208312988, -2.7373083502147386]
Control: [99, 95, 87, 87]

State: [-1.0787238502502445, 0.965573148727417, -2.7600592687065175]
Control: [98, 94, 87, 87]

State: [-1.089556159973145, 0.9928321409225463, -2.7695333398588766]
Control: [99, 95, 87, 87]

State: [-1.1112455749511723, 1.046055989265442, -2.789942645032507]
Control: [98, 94, 87, 87]

State: [-1.13688892364502, 1.1079999971389771, -2.817914636379541]
Control: [96, 94, 87, 87]

State: [-1.1459044837951664, 1.1296622323989869, -2.828596128292906]
Control: [96, 94, 87, 87]

State: [-1.1654548072814945, 1.1793342399597169, -2.856524135570115]
Control: [95, 93, 87, 87]

State: [-1.1793078804016117, 1.2136331367492676, -2.873848433836445]
Control: [95, 93, 87, 87]

State: [-1.2054886245727543, 1.2805332708358765, -2.913221120953096]
Control: [94, 93, 87, 87]

State: [-1.212884845733643, 1.2981450128555299, -2.9227916508415195]
Control: [95, 93, 87, 87]

State: [-1.23322624206543, 1.3476794528961182, -2.954510038922625]
Control: [94, 93, 87, 87]

