State: [0.7304103946685787, -1.01347265958786, 3.136225754353985]
Control: [80, 80, 100, 100]

State: [0.7504163360595699, -1.0228202772140502, -3.140508720090256]
Control: [87, 87, 93, 93]

State: [0.7724409675598141, -1.034603281021118, -3.1328174547008496]
Control: [87, 87, 90, 90]

State: [0.7907965755462643, -1.0437116456031799, -3.1231472128455127]
Control: [87, 87, 90, 90]

State: [0.8150613880157467, -1.0551840496063232, -3.1114926152596696]
Control: [87, 87, 90, 90]

State: [0.8348157978057857, -1.064238233566284, -3.1015919400306364]
Control: [87, 87, 90, 90]

State: [0.8536291694641109, -1.0743385982513427, -3.0919103871875344]
Control: [87, 87, 90, 90]

State: [0.8724713897705074, -1.085364384651184, -3.081890042326907]
Control: [87, 87, 90, 90]

State: [0.8903601741790768, -1.0969473552703857, -3.0724224184209765]
Control: [90, 87, 87, 87]

State: [0.9084134674072262, -1.108806653022766, -3.0624665550033696]
Control: [90, 87, 87, 87]

State: [0.9251056289672848, -1.120585663318634, -3.053608776525475]
Control: [90, 87, 87, 87]

State: [0.9392314529418941, -1.1310587954521178, -3.045693248106446]
Control: [90, 87, 87, 87]

State: [0.9532588100433346, -1.142137987613678, -3.037632449162575]
Control: [90, 87, 87, 87]

State: [0.9670529937744137, -1.1517572832107543, -3.029181461530673]
Control: [90, 87, 87, 87]

State: [0.9793985462188717, -1.161136074066162, -3.021830776682447]
Control: [90, 87, 87, 87]

State: [0.9926043128967281, -1.1713214349746703, -3.014766072267512]
Control: [90, 87, 87, 87]

State: [1.0031216716766354, -1.1806632709503173, -3.009284704112844]
Control: [90, 87, 87, 87]

State: [1.0145378684997555, -1.1903584432601928, -3.0042091679412497]
Control: [93, 87, 87, 87]

State: [1.0238745784759518, -1.1991749238967895, -3.000248891944891]
Control: [93, 87, 87, 87]

State: [1.0324850654602047, -1.2073615026473998, -2.9978548581776403]
Control: [93, 87, 87, 87]

State: [1.0397546863555904, -1.2148354482650756, -2.997629199265481]
Control: [93, 87, 87, 87]

State: [1.0463121509551998, -1.2219546270370483, -2.9979134270242147]
Control: [93, 87, 87, 87]

State: [1.0533898448944088, -1.2285269927978515, -3.0001210055420495]
Control: [93, 87, 87, 87]

State: [1.0596166229248043, -1.2343644332885741, -3.003302753549029]
Control: [93, 87, 87, 87]

State: [1.0653071975708004, -1.2393850517272949, -3.0075364887205756]
Control: [93, 87, 87, 87]

State: [1.070400295257568, -1.2445902061462402, -3.0127783156145256]
Control: [93, 87, 87, 87]

State: [1.075395641326904, -1.2498258781433105, -3.0183030615207795]
Control: [93, 87, 87, 87]

State: [1.0817618942260738, -1.2566599082946777, -3.0269398443464413]
Control: [93, 87, 87, 87]

State: [1.0869205570220943, -1.2632601690292358, -3.035592898984458]
Control: [93, 87, 87, 87]

State: [1.0909348106384273, -1.27007107257843, -3.0449692881298844]
Control: [93, 87, 87, 87]

State: [1.093650159835815, -1.2763345670700073, -3.0554571451898287]
Control: [93, 87, 87, 87]

State: [1.0956507301330562, -1.2818571758270263, -3.0665341509906563]
Control: [93, 87, 87, 87]

State: [1.0974228954315182, -1.286755723953247, -3.078453116984238]
Control: [90, 90, 87, 87]

State: [1.0994699573516842, -1.2911092472076415, -3.09123236648724]
Control: [90, 90, 87, 87]

State: [1.100612697601318, -1.2949845027923583, -3.1028507263168277]
Control: [90, 90, 87, 87]

State: [1.1013870811462398, -1.298854990005493, -3.113904916786182]
Control: [90, 90, 87, 87]

State: [1.1017695045471187, -1.3026507329940795, -3.124729394553492]
Control: [90, 90, 87, 87]

State: [1.1016746139526363, -1.3061750364303588, -3.135448242729313]
Control: [90, 90, 87, 87]

State: [1.101063547134399, -1.3093381357192992, 3.1381009218996]
Control: [87, 93, 87, 87]

State: [1.0991614437103268, -1.311855001449585, 3.129321534126328]
Control: [87, 93, 87, 87]

State: [1.097086963653564, -1.3143504095077514, 3.122073903452568]
Control: [87, 93, 87, 87]

State: [1.09522515296936, -1.3169475030899047, 3.1155119148323345]
Control: [87, 93, 87, 87]

State: [1.0936105823516842, -1.318931860923767, 3.111967644058745]
Control: [87, 93, 87, 87]

State: [1.0923488712310787, -1.3202673625946044, 3.1096151920527486]
Control: [87, 93, 87, 87]

State: [1.0909438705444332, -1.3214222621917724, 3.1089041178050705]
Control: [87, 93, 87, 87]

State: [1.088187274932861, -1.3224404287338256, 3.111368487360003]
Control: [87, 93, 87, 87]

State: [1.08515697479248, -1.3241035175323486, 3.116316309174621]
Control: [87, 93, 87, 87]

State: [1.082492170333862, -1.3263538312911987, 3.122546319885897]
Control: [87, 93, 87, 87]

State: [1.079562721252441, -1.328180832862854, 3.127770261092918]
Control: [87, 93, 87, 87]

State: [1.0750170326232906, -1.3298497629165649, 3.1336311231447267]
Control: [87, 93, 87, 87]

State: [1.070118722915649, -1.3312746715545654, 3.1405874621770593]
Control: [87, 93, 87, 87]

State: [1.0652304267883297, -1.3320599031448364, -3.133939576036651]
Control: [90, 90, 87, 87]

State: [1.0603268718719479, -1.3331131172180175, -3.123772815820988]
Control: [90, 90, 87, 87]

State: [1.056113538742065, -1.333374900817871, -3.1156348003075527]
Control: [90, 90, 87, 87]

State: [1.0506234741210934, -1.3334126901626586, -3.1060210728265285]
Control: [90, 90, 87, 87]

State: [1.0450740432739254, -1.3342450094223022, -3.097278669494805]
Control: [90, 90, 87, 87]

State: [1.0395572757720943, -1.3356346321105956, -3.090311333510415]
Control: [90, 90, 87, 87]

State: [1.0332844829559322, -1.3371706438064574, -3.0828817581903234]
Control: [90, 90, 87, 87]

State: [1.0262466049194332, -1.3378223609924316, -3.0751208108887504]
Control: [93, 87, 87, 87]

State: [1.019135770797729, -1.3375553321838378, -3.068882659162519]
Control: [93, 87, 87, 87]

State: [1.0120030021667477, -1.3371589612960815, -3.064297130104948]
Control: [93, 87, 87, 87]

State: [1.004980144500732, -1.3370215129852294, -3.0619560991732304]
Control: [93, 87, 87, 87]

State: [0.9991529560089107, -1.337089819908142, -3.061701264724069]
Control: [93, 87, 87, 87]

State: [0.9929082965850826, -1.337230486869812, -3.0620342001280973]
Control: [93, 87, 87, 87]

State: [0.9868281459808346, -1.3378988933563232, -3.0635530613709054]
Control: [93, 87, 87, 87]

State: [0.9800112819671627, -1.3395916652679443, -3.0665857617579744]
Control: [93, 87, 87, 87]

State: [0.9729762649536129, -1.341931505203247, -3.071466975470124]
Control: [93, 87, 87, 87]

State: [0.9651139354705807, -1.3447162342071532, -3.0784007253799213]
Control: [90, 90, 87, 87]

State: [0.9576151943206783, -1.3472290468215942, -3.084003575138105]
Control: [90, 90, 87, 87]

State: [0.950029668807983, -1.3492771816253661, -3.0885777927764675]
Control: [90, 90, 87, 87]

State: [0.941773471832275, -1.3509147596359252, -3.0934466592174954]
Control: [90, 90, 90, 90]

State: [0.9337251758575436, -1.3524021339416503, -3.0982392828887897]
Control: [90, 90, 90, 90]

State: [0.9251599884033199, -1.353501362800598, -3.103225514759261]
Control: [90, 90, 90, 90]

State: [0.917230424880981, -1.3542069625854491, -3.1079007211293774]
Control: [90, 90, 90, 90]

State: [0.9086559391021725, -1.3553742599487304, -3.1126069215332866]
Control: [90, 90, 90, 90]

State: [0.9008341407775875, -1.3571123313903808, -3.1173060850839875]
Control: [90, 90, 90, 90]

State: [0.8933728313446041, -1.3589948844909667, -3.1214042734837375]
Control: [90, 90, 90, 90]

State: [0.8853099918365475, -1.3602313232421874, -3.1257563798051726]
Control: [90, 90, 90, 90]

State: [0.8766553974151607, -1.3607473802566528, -3.1299442417649876]
Control: [90, 90, 90, 90]

State: [0.8688667392730709, -1.360732479095459, -3.1338218601401233]
Control: [90, 90, 90, 90]

State: [0.862054643630981, -1.3611972761154174, -3.137728881736076]
Control: [90, 90, 90, 90]

State: [0.8560312366485592, -1.3620362710952758, -3.141487113446528]
Control: [87, 93, 90, 90]

State: [0.8504162406921383, -1.3634894323348998, 3.1383328809720905]
Control: [90, 93, 90, 90]

State: [0.8442283248901363, -1.3649704885482787, 3.1371679080416293]
Control: [90, 93, 90, 90]

State: [0.8381329154968258, -1.366415901184082, 3.136648719470811]
Control: [90, 93, 90, 90]

State: [0.83200174331665, -1.3678144645690917, 3.1370227323755935]
Control: [90, 93, 90, 90]

State: [0.825555620193481, -1.3691279125213622, 3.137957561340993]
Control: [90, 93, 90, 90]

State: [0.8190188980102535, -1.3701980543136596, 3.139613493604126]
Control: [90, 93, 90, 90]

State: [0.812062082290649, -1.370605273246765, -3.140971108167375]
Control: [93, 93, 90, 90]

State: [0.805157957077026, -1.3707038593292236, -3.1377261148406204]
Control: [93, 93, 93, 93]

State: [0.7987108802795406, -1.3705965709686279, -3.1357465700275933]
Control: [93, 93, 93, 93]

State: [0.7935977554321285, -1.3699149322509765, -3.1335127431492817]
Control: [93, 93, 93, 93]

State: [0.7888627624511715, -1.3687510919570922, -3.1313297929544786]
Control: [93, 93, 93, 93]

State: [0.7853406047821041, -1.3668615055084228, -3.129320147969573]
Control: [90, 90, 93, 93]

State: [0.781776723861694, -1.365292830467224, -3.127441713282468]
Control: [90, 90, 93, 93]

State: [0.7783465957641598, -1.3641101551055907, -3.1262661989081644]
Control: [90, 90, 93, 93]

State: [0.7748509025573727, -1.3629460763931274, -3.124584484044751]
Control: [90, 90, 93, 93]

State: [0.7719369506835934, -1.3615799379348754, -3.1234297352159355]
Control: [90, 90, 93, 93]

State: [0.7695694541931148, -1.3597082328796386, -3.1215155622774775]
Control: [90, 90, 93, 93]

State: [0.7681608772277828, -1.357809944152832, -3.1190932199864148]
Control: [90, 90, 93, 93]

State: [0.7676292037963863, -1.3565001916885375, -3.116774522006285]
Control: [90, 90, 93, 93]

State: [0.7680633640289303, -1.3556906414031982, -3.113078022911344]
Control: [90, 90, 93, 93]

State: [0.7691674804687496, -1.3553526830673217, -3.108442376515585]
Control: [90, 90, 93, 93]

State: [0.7706337547302242, -1.354850811958313, -3.1026648569503954]
Control: [90, 90, 93, 93]

State: [0.7722490406036373, -1.3547656965255737, -3.097424583227451]
Control: [90, 90, 93, 93]

State: [0.7738183116912838, -1.3550466728210449, -3.0925060974944194]
Control: [90, 90, 93, 93]

State: [0.7753584957122799, -1.355728907585144, -3.0872654271090116]
Control: [90, 90, 93, 93]

State: [0.7769184684753414, -1.355481309890747, -3.0821764125581694]
Control: [90, 90, 93, 93]

State: [0.7788725471496578, -1.3551780414581298, -3.077546470718679]
Control: [90, 90, 93, 93]

State: [0.7815745449066158, -1.355070514678955, -3.072239845398867]
Control: [93, 87, 93, 93]

State: [0.7846258258819576, -1.3552411031723022, -3.0680379289441033]
Control: [93, 87, 93, 93]

State: [0.7880871868133541, -1.3552096319198608, -3.066000586672032]
Control: [93, 87, 93, 93]

State: [0.7914028739929195, -1.3541146945953368, -3.065181066369887]
Control: [93, 87, 93, 93]

State: [0.7941926097869869, -1.353314323425293, -3.0659371587826474]
Control: [93, 87, 93, 93]

State: [0.7975276088714596, -1.352550311088562, -3.067987492691723]
Control: [93, 87, 93, 93]

State: [0.8002951717376705, -1.352559609413147, -3.071480803082537]
Control: [93, 87, 93, 93]

State: [0.8029363727569576, -1.3524777126312255, -3.076172844871337]
Control: [90, 90, 90, 90]

State: [0.8071249103546139, -1.3520688247680663, -3.080998303330477]
Control: [90, 90, 90, 90]

State: [0.8117993450164791, -1.3517473173141479, -3.085188732966812]
Control: [90, 90, 90, 90]

State: [0.8166568851470943, -1.3513730001449584, -3.089167817353429]
Control: [90, 90, 90, 90]

State: [0.8208397006988521, -1.3513570261001586, -3.0928902769562203]
Control: [90, 90, 90, 90]

State: [0.8247123336791988, -1.3514905405044555, -3.0964757016797497]
Control: [90, 90, 90, 90]

State: [0.8297253227233883, -1.3522261810302734, -3.1004518637337717]
Control: [90, 90, 90, 90]

State: [0.8335941410064693, -1.3531462383270263, -3.104139916787785]
Control: [90, 90, 90, 90]

State: [0.8367703533172604, -1.3541466426849365, -3.1075957927767535]
Control: [90, 90, 90, 90]

State: [0.8394051170349117, -1.3555270862579345, -3.1113157687508988]
Control: [90, 90, 90, 90]

State: [0.8416169261932369, -1.3564973306655883, -3.1149408581365226]
Control: [90, 90, 90, 90]

State: [0.843650159835815, -1.3568715286254882, -3.1181765101011325]
Control: [90, 90, 90, 90]

State: [0.8463898277282711, -1.357071919441223, -3.121553652627314]
Control: [90, 90, 90, 90]

State: [0.8497961139678951, -1.3575574588775634, -3.124978528199019]
Control: [90, 90, 90, 90]

State: [0.8531413650512691, -1.358062310218811, -3.1285696190560253]
Control: [90, 90, 90, 90]

State: [0.856117782592773, -1.358516855239868, -3.132053414890343]
Control: [90, 90, 90, 90]

State: [0.8583539104461666, -1.358452124595642, -3.1352911690770333]
Control: [90, 90, 90, 90]

State: [0.8606618022918697, -1.3584262561798095, -3.1386082878911896]
Control: [90, 90, 90, 90]

State: [0.8628421401977535, -1.3584007453918456, 3.1414116737469038]
Control: [87, 93, 90, 90]

State: [0.8655553436279293, -1.3586464357376098, 3.1386221080589114]
Control: [87, 93, 90, 90]

State: [0.8679650402069088, -1.3586056661605834, 3.1379712792475436]
Control: [87, 93, 90, 90]

State: [0.8705928897857662, -1.3584838342666625, 3.139153292744258]
Control: [87, 93, 90, 90]

State: [0.8733785724639889, -1.3582848739624023, -3.141537874944842]
Control: [90, 90, 90, 90]

State: [0.876458702087402, -1.358119649887085, -3.1378813384798345]
Control: [90, 90, 90, 90]

State: [0.8794153308868404, -1.3585178089141845, -3.1344564924781446]
Control: [90, 90, 90, 90]

State: [0.8821805095672604, -1.3587624263763427, -3.131501488521411]
Control: [90, 90, 90, 90]

State: [0.8845129585266109, -1.3597971630096435, -3.1284558251325425]
Control: [90, 90, 90, 90]

State: [0.8865450000762936, -1.360728187561035, -3.1254266077001387]
Control: [90, 90, 90, 90]

State: [0.8883545970916744, -1.3618766498565673, -3.12250968656946]
Control: [93, 93, 90, 90]

State: [0.8901763534545895, -1.3630865049362182, -3.119169347865919]
Control: [93, 93, 90, 90]

State: [0.8922587013244625, -1.3631406259536742, -3.115886170912643]
Control: [93, 93, 90, 90]

State: [0.8942828750610348, -1.3625677061080932, -3.1130889444266896]
Control: [90, 90, 90, 90]

State: [0.8965168571472164, -1.3610922527313232, -3.109967276870184]
Control: [90, 90, 90, 90]

State: [0.8986979103088375, -1.3598798942565917, -3.107157415195397]
Control: [90, 90, 90, 90]

State: [0.9005807018280025, -1.3589631748199462, -3.104416063954474]
Control: [90, 90, 90, 90]

State: [0.9024184322357174, -1.3575991821289062, -3.101466422086491]
Control: [90, 90, 90, 90]

State: [0.9037879085540768, -1.3558733892440795, -3.098683938498967]
Control: [90, 90, 90, 90]

State: [0.905140695571899, -1.3538566064834594, -3.0959531990275972]
Control: [90, 90, 90, 90]

State: [0.9062412357330318, -1.3521463108062743, -3.0932081522395283]
Control: [90, 90, 90, 90]

State: [0.9076574420928951, -1.3505956363677978, -3.0903938575090186]
Control: [90, 90, 90, 90]

State: [0.9094989871978756, -1.3492846918106078, -3.087802592570639]
Control: [90, 90, 90, 90]

State: [0.9119198894500729, -1.3479935359954833, -3.0849612552480012]
Control: [90, 90, 90, 90]

State: [0.9149652099609371, -1.3474344444274902, -3.082481091257421]
Control: [90, 90, 90, 90]

State: [0.9178765392303463, -1.3468865585327148, -3.079652085713299]
Control: [90, 90, 90, 90]

State: [0.9206863021850582, -1.3462222051620483, -3.076858782547094]
Control: [90, 90, 90, 90]

State: [0.9227851009368893, -1.3454393577575683, -3.0743604327723513]
Control: [93, 87, 90, 90]

State: [0.9245877838134762, -1.3450659942626952, -3.0720583677487436]
Control: [93, 87, 90, 90]

State: [0.926028785705566, -1.3446727228164672, -3.071995247794492]
Control: [93, 87, 90, 90]

State: [0.9273176765441891, -1.3447074127197265, -3.0730416121873443]
Control: [93, 87, 90, 90]

State: [0.9287162399291988, -1.344617052078247, -3.0756931910610046]
Control: [90, 90, 90, 90]

State: [0.9303403472900387, -1.3441836071014404, -3.0794850227032264]
Control: [90, 90, 87, 87]

State: [0.9317792034149166, -1.343084259033203, -3.0821615019967226]
Control: [90, 90, 87, 87]

State: [0.9337547397613521, -1.3411630821228027, -3.0823250289005695]
Control: [90, 90, 87, 87]

State: [0.9354992485046383, -1.3397269678115844, -3.0812706103659417]
Control: [90, 90, 87, 87]

State: [0.9364154911041256, -1.3383021783828735, -3.0808344330338318]
Control: [90, 90, 87, 87]

State: [0.9366763210296627, -1.3368262481689452, -3.080863910776169]
Control: [90, 90, 87, 87]

State: [0.9360964870452877, -1.3351259660720824, -3.0808079123362777]
Control: [90, 90, 87, 87]

State: [0.9349215602874752, -1.3333137464523315, -3.080427509305973]
Control: [90, 90, 87, 87]

State: [0.93332010269165, -1.3318434190750121, -3.0797230792980947]
Control: [90, 90, 90, 90]

State: [0.9318402385711666, -1.3309041690826415, -3.079463565726821]
Control: [90, 90, 90, 90]

State: [0.9311233139038082, -1.33021990776062, -3.0793389647335547]
Control: [90, 90, 90, 90]

State: [0.9310541725158687, -1.3292870950698852, -3.079895022884014]
Control: [90, 90, 87, 87]

State: [0.9304800605773922, -1.3285079431533813, -3.079218600469578]
Control: [90, 90, 90, 90]

State: [0.9296372509002682, -1.327396674156189, -3.0769217889911173]
Control: [90, 90, 90, 90]

State: [0.9280281639099117, -1.3263093662261962, -3.074977849265119]
Control: [93, 87, 90, 90]

State: [0.9259188747406002, -1.3255683612823486, -3.0735506804726516]
Control: [93, 87, 90, 90]

State: [0.9240258312225338, -1.324973030090332, -3.0744290239540866]
Control: [93, 87, 90, 90]

State: [0.9226847267150875, -1.3251276445388793, -3.076979259455874]
Control: [90, 90, 90, 90]

State: [0.9215696430206295, -1.3254704904556274, -3.0799385974302544]
Control: [90, 90, 90, 90]

State: [0.9206410026550289, -1.3256400060653686, -3.0833290992274303]
Control: [90, 90, 90, 90]

State: [0.9195786094665523, -1.325300498008728, -3.086521137591035]
Control: [90, 90, 90, 90]

State: [0.9187758541107174, -1.323938055038452, -3.089622150130093]
Control: [90, 90, 90, 90]

State: [0.9183357334136959, -1.32225350856781, -3.09284994159415]
Control: [90, 90, 90, 90]

State: [0.9179754829406734, -1.3206043672561645, -3.0961251862816423]
Control: [90, 90, 90, 90]

State: [0.9166508293151852, -1.3193656635284423, -3.098999802571397]
Control: [90, 90, 90, 90]

State: [0.9150386428833004, -1.3181212377548217, -3.1022868648399826]
Control: [90, 90, 90, 90]

State: [0.9133043861389156, -1.316775722503662, -3.1051522513356278]
Control: [90, 90, 90, 90]

State: [0.912281808853149, -1.3156003189086913, -3.107930694828565]
Control: [90, 90, 90, 90]

State: [0.9121125316619869, -1.3146266174316406, -3.1107086885361874]
Control: [90, 90, 90, 90]

State: [0.9121776199340816, -1.3140697908401489, -3.113570426500674]
Control: [90, 90, 90, 90]

State: [0.9124982929229732, -1.3134497833251952, -3.1163111036510562]
Control: [90, 90, 90, 90]

State: [0.9124668216705318, -1.3129507732391357, -3.1187072935176983]
Control: [90, 90, 90, 90]

State: [0.9125860309600826, -1.3121232223510741, -3.121548058455499]
Control: [90, 90, 90, 90]

State: [0.9123809909820553, -1.3118080329895019, -3.1239372917420263]
Control: [90, 90, 90, 90]

State: [0.9117389297485348, -1.3116161060333251, -3.1263782854565845]
Control: [90, 90, 90, 90]

State: [0.9104786491394039, -1.3117149305343627, -3.1290064417821535]
Control: [90, 90, 90, 90]

State: [0.9094546413421627, -1.3117332887649535, -3.1313908232394825]
Control: [90, 90, 90, 90]

State: [0.9086008644104, -1.311770601272583, -3.133868958186714]
Control: [90, 90, 90, 90]

State: [0.90780740737915, -1.3118362855911254, -3.136195845761877]
Control: [90, 90, 90, 90]

State: [0.9070342159271236, -1.311632080078125, -3.1383296329356876]
Control: [90, 90, 90, 90]

State: [0.9064143276214596, -1.3106725645065307, -3.140649349452643]
Control: [90, 90, 90, 90]

State: [0.9057007408142086, -1.308863444328308, 3.1402187919636675]
Control: [87, 93, 90, 90]

State: [0.9050257778167721, -1.3071941566467284, 3.138919497082019]
Control: [87, 93, 90, 90]

State: [0.9042466259002682, -1.3056465816497802, 3.1392776274298324]
Control: [87, 93, 90, 90]

State: [0.9033296680450436, -1.304600043296814, -3.1415901411447527]
Control: [90, 90, 90, 90]

State: [0.9027467346191402, -1.3040984106063842, -3.1384591635204875]
Control: [90, 90, 90, 90]

State: [0.9025755500793453, -1.3036780786514282, -3.13538398561181]
Control: [90, 90, 90, 90]

State: [0.902969179153442, -1.3032515478134155, -3.1325801619767755]
Control: [90, 90, 90, 90]

State: [0.9032009220123287, -1.302782220840454, -3.129675430329703]
Control: [90, 90, 90, 90]

State: [0.9033520793914791, -1.3025281858444213, -3.1267761483663428]
Control: [90, 90, 90, 90]

State: [0.903302488327026, -1.3019057941436767, -3.1241117143058665]
Control: [90, 90, 90, 90]

State: [0.9032309627532955, -1.3012112808227538, -3.1214469982583517]
Control: [90, 90, 90, 90]

State: [0.902992544174194, -1.300728006362915, -3.1186626606402625]
Control: [90, 90, 90, 90]

State: [0.9025140380859371, -1.3009349536895751, -3.1165682194954263]
Control: [90, 90, 90, 90]

State: [0.901293096542358, -1.3012463283538818, -3.113809812216015]
Control: [90, 90, 90, 90]

State: [0.9002736186981197, -1.301081223487854, -3.111288126361477]
Control: [90, 90, 90, 90]

State: [0.8995032882690426, -1.3010144662857055, -3.1088855354930933]
Control: [90, 90, 90, 90]

State: [0.8990984535217281, -1.3011982870101928, -3.1063226373842303]
Control: [90, 90, 90, 90]

State: [0.8990259742736812, -1.3015617561340331, -3.1038641060395182]
Control: [90, 90, 90, 90]

State: [0.8987556076049801, -1.3013439607620239, -3.101470405983036]
Control: [90, 90, 90, 90]

State: [0.8986681079864498, -1.3005627822875976, -3.098991662658643]
Control: [90, 90, 90, 90]

State: [0.8985968208312984, -1.2987564039230346, -3.09637993049246]
Control: [90, 90, 90, 90]

State: [0.89824610710144, -1.2973542642593383, -3.0941178677027987]
Control: [90, 90, 90, 90]

State: [0.8974869823455807, -1.296330018043518, -3.09159142661662]
Control: [90, 90, 90, 90]

State: [0.8968780612945553, -1.2957205009460449, -3.0891885093291123]
Control: [90, 90, 90, 90]

State: [0.8965118503570553, -1.2953166198730468, -3.0868100135727463]
Control: [90, 90, 90, 90]

State: [0.8966208076477047, -1.295082492828369, -3.084369124768454]
Control: [90, 90, 90, 90]

State: [0.8968532657623287, -1.2949055862426757, -3.0818353699681786]
Control: [90, 90, 90, 90]

State: [0.8969171619415279, -1.2946520280838012, -3.079581693812933]
Control: [90, 90, 90, 90]

State: [0.8970420932769771, -1.2943592500686645, -3.077219046349283]
Control: [90, 90, 90, 90]

State: [0.8973231887817379, -1.2940204572677612, -3.0745540981422734]
Control: [93, 87, 90, 90]

State: [0.8976610279083248, -1.2938292455673217, -3.0728456612894925]
Control: [93, 87, 90, 90]

State: [0.8978992080688473, -1.2940841150283813, -3.073100262687367]
Control: [93, 87, 90, 90]

State: [0.8975484943389889, -1.2949798536300658, -3.0750231604867824]
Control: [90, 90, 90, 90]

State: [0.8967233276367184, -1.2955855560302734, -3.0777522862132343]
Control: [90, 90, 90, 90]

State: [0.895992336273193, -1.2960632276535033, -3.080078913540167]
Control: [90, 90, 90, 90]

State: [0.8959301090240475, -1.2962334585189819, -3.0822410876245336]
Control: [90, 90, 90, 90]

State: [0.8962452983856197, -1.2963227462768554, -3.0842930313419843]
Control: [90, 90, 90, 90]

State: [0.8962748622894283, -1.2960604858398437, -3.086305104000384]
Control: [90, 90, 90, 90]

State: [0.895870265960693, -1.2952416372299194, -3.087883207508185]
Control: [90, 90, 90, 90]

State: [0.8954270458221432, -1.2939703893661498, -3.089699894463609]
Control: [90, 90, 90, 90]

State: [0.8955391025543209, -1.2922819089889526, -3.0914576339951743]
Control: [90, 90, 90, 90]

State: [0.8955903625488277, -1.2914473247528075, -3.0928061096573147]
Control: [90, 90, 90, 90]

State: [0.8958476161956783, -1.290901346206665, -3.094737275424342]
Control: [90, 90, 90, 90]

State: [0.8958967304229732, -1.2910345029830932, -3.0964382147052794]
Control: [90, 90, 90, 90]

State: [0.8963640308380123, -1.2916464042663574, -3.098321520686683]
Control: [90, 90, 90, 90]

State: [0.897515830993652, -1.2920343112945556, -3.100024183115075]
Control: [90, 90, 90, 90]

State: [0.8986220932006832, -1.292217297554016, -3.1016697049623416]
Control: [90, 90, 90, 90]

State: [0.8997018909454342, -1.292225284576416, -3.103272445600875]
Control: [90, 90, 90, 90]

State: [0.900041875839233, -1.2920226287841796, -3.1047868673103785]
Control: [90, 90, 90, 90]

State: [0.9000421142578121, -1.2915527057647704, -3.106133608029212]
Control: [90, 90, 90, 90]

State: [0.8995566940307613, -1.2914001178741454, -3.1076965947169395]
Control: [90, 90, 90, 90]

State: [0.8991895294189449, -1.2917364072799682, -3.1093289051533026]
Control: [90, 90, 90, 90]

State: [0.8988569355010982, -1.2925484609603881, -3.110901469934718]
Control: [90, 90, 90, 90]

State: [0.8986290073394771, -1.293400330543518, -3.112419013412079]
Control: [90, 90, 90, 90]

State: [0.8986971950531002, -1.2938751411437988, -3.1144133360324235]
Control: [90, 90, 90, 90]

State: [0.899156866073608, -1.29384295463562, -3.116340704485455]
Control: [90, 90, 90, 90]

State: [0.8996465778350826, -1.2933736276626586, -3.1181442901625593]
Control: [90, 90, 90, 90]

State: [0.900189695358276, -1.2925360631942748, -3.1204198825086773]
Control: [90, 90, 90, 90]

State: [0.9006040668487545, -1.291409773826599, -3.1225568545967075]
Control: [90, 90, 90, 90]

State: [0.9014683341979977, -1.2903267574310302, -3.124695461865892]
Control: [90, 90, 90, 90]

State: [0.9019959545135494, -1.2895147037506103, -3.126795786805324]
Control: [90, 90, 90, 90]

State: [0.9026194190979, -1.2893087100982665, -3.1287941082123116]
Control: [90, 90, 90, 90]

State: [0.9029553508758541, -1.2893047761917114, -3.1306962211665583]
Control: [90, 90, 90, 90]

State: [0.9035003757476803, -1.2893912029266357, -3.1330269831836954]
Control: [90, 90, 90, 90]

State: [0.9047787761688229, -1.2895292472839355, -3.135356147777153]
Control: [90, 90, 90, 90]

State: [0.905917701721191, -1.2897661161422729, -3.137434909038624]
Control: [90, 90, 90, 90]

State: [0.906969366073608, -1.289775891304016, -3.1394251667734743]
Control: [90, 90, 90, 90]

State: [0.9077609157562252, -1.2892964315414428, 3.141468486561284]
Control: [87, 93, 90, 90]

State: [0.9081111526489254, -1.288783712387085, 3.139947173253108]
Control: [87, 93, 90, 90]

State: [0.9082820987701412, -1.2885228824615478, 3.1408417485421367]
Control: [87, 93, 90, 90]

State: [0.9087472534179684, -1.289045853614807, -3.140536061936337]
Control: [90, 90, 90, 90]

State: [0.9092326736450191, -1.2900971603393554, -3.136779593239489]
Control: [90, 90, 90, 90]

State: [0.9098411178588863, -1.2911397647857665, -3.1341498933492984]
Control: [90, 90, 90, 90]

State: [0.9102397537231441, -1.2915736865997314, -3.1310519398549768]
Control: [90, 90, 90, 90]

State: [0.9105151271820064, -1.2914390993118285, -3.128176423893983]
Control: [90, 90, 90, 90]

State: [0.910765228271484, -1.2903022003173827, -3.1252841668896427]
Control: [90, 90, 90, 90]

State: [0.9109871959686275, -1.2890029382705688, -3.1224169295857362]
Control: [90, 90, 90, 90]

State: [0.9112835502624508, -1.2875262928009032, -3.119604082301322]
Control: [90, 90, 90, 90]

State: [0.9117854213714596, -1.2862474155426025, -3.1168275625048087]
Control: [90, 90, 90, 90]

State: [0.9125853157043453, -1.2854958009719848, -3.1142154240091093]
Control: [90, 90, 90, 90]

State: [0.9135838127136227, -1.2851237487792968, -3.1114432908988925]
Control: [90, 90, 90, 90]

State: [0.9144731140136715, -1.28528742313385, -3.1090209341536177]
Control: [90, 90, 90, 90]

State: [0.9152670478820797, -1.28535906791687, -3.1065958453325315]
Control: [90, 90, 90, 90]

State: [0.9164572334289547, -1.2857430410385131, -3.1037584420121203]
Control: [90, 90, 90, 90]

State: [0.9179695224761959, -1.2859762144088744, -3.1010872457513665]
Control: [90, 90, 90, 90]

State: [0.9196332073211666, -1.2860098314285278, -3.098256640701885]
Control: [90, 90, 90, 90]

State: [0.9205926036834713, -1.2857339811325073, -3.095364351806799]
Control: [90, 90, 90, 90]

State: [0.9210057830810543, -1.2856028509140014, -3.092530791334093]
Control: [90, 90, 90, 90]

State: [0.9212525463104244, -1.2854924631118774, -3.089503194010661]
Control: [90, 90, 90, 90]

State: [0.9216919517517086, -1.2855978441238403, -3.0865954609582267]
Control: [90, 90, 90, 90]

State: [0.9223561859130855, -1.2859660816192626, -3.0836463698353884]
Control: [90, 90, 90, 90]

State: [0.922723350524902, -1.2864841651916503, -3.0806662509539704]
Control: [90, 90, 90, 90]

State: [0.9228864288330074, -1.2870514822006225, -3.077825203233404]
Control: [90, 90, 90, 90]

State: [0.9228756999969479, -1.2869877052307128, -3.0750808400518332]
Control: [93, 87, 90, 90]

State: [0.9236419773101803, -1.2861420345306396, -3.0723981581353663]
Control: [93, 87, 90, 90]

State: [0.9249890422821041, -1.2848827075958251, -3.0724881371817343]
Control: [93, 87, 90, 90]

State: [0.9263046360015865, -1.2836859655380248, -3.074199760477958]
Control: [93, 87, 87, 87]

State: [0.9272320842742916, -1.2826577854156493, -3.075988611103131]
Control: [90, 90, 87, 87]

State: [0.9271467304229732, -1.2820005846023559, -3.07900050643675]
Control: [90, 90, 90, 90]

State: [0.9273133850097652, -1.2820972633361816, -3.081905595311871]
Control: [90, 90, 87, 87]

State: [0.9273236370086666, -1.2821811866760253, -3.084265503582929]
Control: [90, 90, 90, 90]

State: [0.9267972087860104, -1.2824718189239501, -3.0866122623182397]
Control: [90, 90, 90, 90]

State: [0.9260120964050289, -1.282613797187805, -3.089344649891165]
Control: [90, 90, 90, 90]

State: [0.9250026321411129, -1.2825081777572631, -3.091675059402466]
Control: [90, 90, 90, 90]

State: [0.9242945289611812, -1.2822567653656005, -3.0939442816729064]
Control: [90, 90, 90, 90]

State: [0.9238105392456051, -1.2819245290756225, -3.096323606782641]
Control: [90, 90, 90, 90]

State: [0.9232788658142086, -1.2817373704910278, -3.0985075515157727]
Control: [90, 90, 90, 90]

State: [0.9224289035797115, -1.2817630004882812, -3.1007182462798912]
Control: [90, 90, 90, 90]

State: [0.9216840839385982, -1.2821578216552734, -3.1031567357605607]
Control: [90, 90, 90, 90]

State: [0.9210117435455318, -1.2825366687774657, -3.1054668983336198]
Control: [90, 90, 90, 90]

State: [0.9205246543884273, -1.283024592399597, -3.1078146738795738]
Control: [90, 90, 90, 90]

State: [0.9199317073822018, -1.2833954524993896, -3.1100648377331717]
Control: [90, 90, 90, 90]

State: [0.919488725662231, -1.283625168800354, -3.1118710426573366]
Control: [90, 90, 90, 90]

State: [0.9190400218963619, -1.2831482124328613, -3.1142483351992825]
Control: [90, 90, 90, 90]

State: [0.9188056564331051, -1.28181640625, -3.1166674361716016]
Control: [90, 90, 90, 90]

State: [0.9188583469390865, -1.2802088689804076, -3.118922358232975]
Control: [90, 90, 90, 90]

State: [0.9184079742431637, -1.2782956790924072, -3.1213171350080793]
Control: [90, 90, 90, 90]

State: [0.9182134246826168, -1.2772381734848022, -3.123439257910317]
Control: [90, 90, 90, 90]

State: [0.9180296039581295, -1.276931447982788, -3.1255291307850808]
Control: [90, 90, 90, 90]

State: [0.9185083484649654, -1.2773859930038451, -3.1276838215703404]
Control: [90, 90, 90, 90]

State: [0.918958005905151, -1.277844352722168, -3.1296997765719206]
Control: [90, 90, 90, 90]

State: [0.919211683273315, -1.27808527469635, -3.1317030945385462]
Control: [90, 90, 90, 90]

State: [0.9192634201049801, -1.2780353260040282, -3.1336331298916598]
Control: [90, 90, 90, 90]

State: [0.9193215942382809, -1.2779154014587402, -3.1356057323925106]
Control: [90, 90, 90, 90]

State: [0.919704494476318, -1.277717752456665, -3.1375021251706983]
Control: [90, 90, 90, 90]

State: [0.9199545955657955, -1.277404351234436, -3.1393769045061477]
Control: [90, 90, 90, 90]

State: [0.9197474098205562, -1.2775475215911865, -3.141173534671536]
Control: [90, 90, 90, 90]

State: [0.9193752384185787, -1.2779041957855224, 3.1402495863175797]
Control: [87, 93, 90, 90]

State: [0.9187348461151119, -1.278071208000183, 3.139030705761233]
Control: [87, 93, 90, 90]

State: [0.9182956790924068, -1.2782099676132201, 3.1400643019957997]
Control: [87, 93, 90, 90]

State: [0.9178679561614986, -1.2781820726394653, -3.140516457559377]
Control: [90, 90, 90, 90]

State: [0.9174008941650387, -1.277832908630371, -3.1368292839801395]
Control: [90, 90, 90, 90]

State: [0.9171429252624508, -1.277099175453186, -3.133415523168193]
Control: [90, 90, 90, 90]

State: [0.9172196960449215, -1.2759365272521972, -3.130073498433154]
Control: [90, 90, 90, 90]

State: [0.9175899600982662, -1.274420781135559, -3.1272341718372534]
Control: [90, 90, 90, 90]

State: [0.9177446937561031, -1.2728769016265868, -3.123620672745431]
Control: [90, 90, 90, 90]

State: [0.9182224845886227, -1.2718671989440917, -3.120311084526635]
Control: [90, 90, 90, 90]

State: [0.9188879108428951, -1.2716318798065185, -3.117022685277994]
Control: [90, 90, 90, 90]

State: [0.9197543239593502, -1.2720190715789794, -3.1136553944804266]
Control: [90, 90, 90, 90]

State: [0.9206166839599605, -1.2725670766830444, -3.1103492132603323]
Control: [90, 90, 90, 90]

State: [0.9210429763793941, -1.2728753519058227, -3.1071658925838967]
Control: [90, 90, 90, 90]

State: [0.9208210086822506, -1.2727677059173583, -3.103917975203667]
Control: [90, 90, 90, 90]

State: [0.9206066703796383, -1.2723889780044555, -3.100627883380838]
Control: [90, 90, 90, 90]

State: [0.9205382442474361, -1.2716467809677123, -3.097674519152402]
Control: [90, 90, 90, 90]

State: [0.9208186244964596, -1.2711555194854736, -3.0947748184575654]
Control: [90, 90, 90, 90]

State: [0.9210746860504146, -1.2708169651031493, -3.0912307609514147]
Control: [90, 90, 90, 90]

State: [0.9209035015106197, -1.2712295484542846, -3.08833282774106]
Control: [90, 90, 90, 90]

State: [0.9206185913085934, -1.2717892360687255, -3.0850465395803686]
Control: [90, 90, 90, 90]

State: [0.9206719970703121, -1.2723778915405273, -3.082162744585652]
Control: [90, 90, 90, 90]

State: [0.9212248897552486, -1.2724626493453979, -3.0787113299048157]
Control: [90, 90, 90, 90]

State: [0.9214709377288814, -1.2720935773849487, -3.0758370873842416]
Control: [90, 90, 90, 90]

State: [0.9214311218261715, -1.2712505292892455, -3.072856279201315]
Control: [93, 87, 90, 90]

State: [0.9212396717071529, -1.2701914739608764, -3.0700440678381273]
Control: [93, 87, 90, 90]

State: [0.9218700504302975, -1.2688279581069946, -3.0697679838413725]
Control: [93, 87, 90, 90]

State: [0.9227340793609615, -1.2675645780563354, -3.0708971512500867]
Control: [93, 87, 90, 90]

State: [0.9240136718749996, -1.266636414527893, -3.073162145693488]
Control: [93, 87, 90, 90]

State: [0.9248805618286129, -1.2663203907012939, -3.076644299480699]
Control: [90, 90, 90, 90]

State: [0.9257560348510738, -1.2664025259017944, -3.080923033495935]
Control: [90, 90, 87, 87]

State: [0.9263802146911617, -1.2667167615890502, -3.0837348861135188]
Control: [90, 90, 87, 87]

State: [0.9261911487579342, -1.2670233678817748, -3.086827743086364]
Control: [90, 90, 90, 90]

State: [0.9263842678070064, -1.2670140695571899, -3.0888363900142313]
Control: [90, 90, 87, 87]

State: [0.9265537834167477, -1.2667167615890502, -3.08976041491579]
Control: [90, 90, 87, 87]

State: [0.9256609058380123, -1.2662568521499633, -3.091082156869938]
Control: [90, 90, 90, 90]

State: [0.9246523952484127, -1.2655419540405273, -3.092476052484593]
Control: [90, 90, 90, 90]

State: [0.9238885021209713, -1.2649735641479491, -3.0937113945442283]
Control: [90, 90, 90, 90]

State: [0.9231048202514645, -1.264772696495056, -3.0948574878932784]
Control: [90, 90, 90, 90]

State: [0.9220595932006832, -1.2651554775238036, -3.0961419177229295]
Control: [90, 90, 90, 90]

State: [0.9210062599182125, -1.2654115390777587, -3.096983624482597]
Control: [90, 90, 90, 90]

State: [0.9199677085876461, -1.2652064990997314, -3.097669930476337]
Control: [90, 90, 90, 90]

State: [0.9187155342102047, -1.2642401885986327, -3.0984716344167587]
Control: [90, 90, 90, 90]

State: [0.91765528678894, -1.2627379131317138, -3.0989946306655907]
Control: [90, 90, 90, 90]

State: [0.9166854000091549, -1.2610197496414184, -3.0998516623521892]
Control: [90, 90, 90, 90]

State: [0.9163838005065914, -1.2595872116088866, -3.10041694581061]
Control: [90, 90, 90, 90]

State: [0.91667872428894, -1.2584299278259277, -3.1011905981337318]
Control: [90, 90, 90, 90]

State: [0.9171231365203854, -1.2575883102416991, -3.101871391089479]
Control: [90, 90, 90, 90]

State: [0.9172947978973385, -1.2571073007583617, -3.1023761932691705]
Control: [90, 90, 90, 90]

State: [0.9172664260864254, -1.2568821144104003, -3.1031552291849596]
Control: [90, 90, 90, 90]

State: [0.9171889400482174, -1.2568597030639648, -3.1040409395398494]
Control: [90, 90, 90, 90]

State: [0.9169562435150143, -1.256914300918579, -3.1048462945260864]
Control: [90, 90, 90, 90]

State: [0.9166284179687496, -1.2570355367660522, -3.1059086659392854]
Control: [90, 90, 90, 90]

State: [0.9164710617065426, -1.2567146253585815, -3.1067332778114647]
Control: [90, 90, 90, 90]

State: [0.916263160705566, -1.2560062837600707, -3.10779498773634]
Control: [90, 90, 90, 90]

State: [0.915896949768066, -1.2551635932922363, -3.1088145458019407]
Control: [90, 90, 90, 90]

State: [0.9155686473846432, -1.2541789245605468, -3.1096899687619635]
Control: [90, 90, 90, 90]

State: [0.9154272651672359, -1.2535353136062621, -3.110272218984645]
Control: [90, 90, 90, 90]

State: [0.9154801940917965, -1.253011269569397, -3.1109329819436575]
Control: [90, 90, 90, 90]

State: [0.9155500507354732, -1.252697033882141, -3.111302958814569]
Control: [90, 90, 90, 90]

State: [0.9154389476776119, -1.252229971885681, -3.111649792724249]
Control: [90, 90, 90, 90]

State: [0.9155798530578609, -1.2513313722610473, -3.112181434897268]
Control: [90, 90, 90, 90]

State: [0.915751276016235, -1.2499161195755004, -3.1125751549731744]
Control: [90, 90, 90, 90]

State: [0.9161959266662594, -1.2482382488250732, -3.112901515063986]
Control: [90, 90, 90, 90]

State: [0.9167774295806881, -1.246493501663208, -3.11354889893535]
Control: [90, 90, 90, 90]

State: [0.9176207160949703, -1.2447298002243041, -3.1143349446294804]
Control: [90, 90, 90, 90]

State: [0.9190714931488033, -1.2432157230377197, -3.11542578372621]
Control: [90, 90, 90, 90]

State: [0.9200156307220455, -1.2423094940185546, -3.1158771958512235]
Control: [90, 90, 90, 90]

State: [0.9203599071502682, -1.2416338157653808, -3.1163603787101426]
Control: [90, 90, 90, 90]

State: [0.9207804775238033, -1.2408742141723632, -3.1171277783974265]
Control: [90, 90, 90, 90]

State: [0.9210749244689937, -1.2405409049987792, -3.117571999269658]
Control: [90, 90, 90, 90]

State: [0.9214902496337887, -1.2400238943099975, -3.118234289727814]
Control: [90, 90, 90, 90]

State: [0.9217630004882809, -1.2396045160293578, -3.1187214171408675]
Control: [90, 90, 90, 90]

State: [0.9219594573974605, -1.2389005851745605, -3.119213734556695]
Control: [90, 90, 90, 90]

State: [0.9222677326202389, -1.2383867931365966, -3.1196250008044046]
Control: [90, 90, 90, 90]

State: [0.9228039360046383, -1.2378845643997192, -3.1201503792705316]
Control: [87, 87, 90, 90]

State: [0.9235590076446529, -1.237540168762207, -3.120733180707411]
Control: [87, 87, 90, 90]

State: [0.9242134666442867, -1.2379693222045898, -3.121661693111575]
Control: [90, 90, 87, 87]

State: [0.9241490936279293, -1.2386633586883544, -3.121336736292239]
Control: [90, 90, 90, 90]

State: [0.923378524780273, -1.2392065954208373, -3.1216886092652802]
Control: [90, 90, 90, 90]

State: [0.9225998497009273, -1.239203495979309, -3.1221083950304704]
Control: [90, 90, 90, 90]

State: [0.9222517585754391, -1.23888747215271, -3.1224489199074905]
Control: [90, 90, 90, 90]

State: [0.9223137474060055, -1.237846417427063, -3.122835639521647]
Control: [87, 87, 90, 90]

State: [0.9225154495239254, -1.2368842792510986, -3.123288631186046]
Control: [87, 87, 90, 90]

State: [0.9227269268035885, -1.2367171478271484, -3.124131304987102]
Control: [87, 87, 90, 90]

State: [0.9233391857147213, -1.2374843788146972, -3.1249336654532596]
Control: [90, 90, 90, 90]

State: [0.924451169967651, -1.2390348148345947, -3.1258019359015026]
Control: [90, 90, 87, 87]

State: [0.9252505874633785, -1.240942997932434, -3.1256054098214463]
Control: [90, 90, 87, 87]

State: [0.9250541305541988, -1.2432905864715575, -3.124914749442231]
Control: [90, 90, 90, 90]

State: [0.9239707565307613, -1.2451105546951293, -3.1248980031234446]
Control: [90, 90, 90, 90]

State: [0.9223099327087398, -1.2471116018295287, -3.1251560761146657]
Control: [90, 90, 90, 90]

State: [0.9209502315521236, -1.2484573554992675, -3.1251663942791095]
Control: [90, 90, 90, 90]

State: [0.9198179817199703, -1.2497288417816161, -3.1252249542137083]
Control: [90, 90, 90, 90]

State: [0.9188352203369137, -1.250957293510437, -3.1250139698821373]
Control: [90, 90, 90, 90]

State: [0.9180689430236812, -1.2524712514877319, -3.12503104330617]
Control: [90, 90, 90, 90]

State: [0.9171636676788326, -1.2539807987213134, -3.124741831208209]
Control: [90, 90, 90, 90]

State: [0.916145620346069, -1.2555631828308105, -3.12495450170361]
Control: [90, 90, 90, 90]

State: [0.9148657894134518, -1.2568016481399535, -3.124936910033962]
Control: [90, 90, 90, 90]

State: [0.9138649082183834, -1.2576401662826537, -3.1248481378996082]
Control: [90, 90, 90, 90]

State: [0.912758169174194, -1.2586977910995483, -3.1248252540718813]
Control: [90, 90, 90, 90]

State: [0.9119105911254879, -1.2595581245422363, -3.1246500991224355]
Control: [90, 90, 90, 90]

State: [0.9115901565551754, -1.2602916193008422, -3.1244245660202945]
Control: [90, 90, 90, 90]

State: [0.9115632152557369, -1.2605334949493407, -3.124220691696834]
Control: [90, 90, 90, 90]

State: [0.9116082763671871, -1.2605454158782958, -3.123997543875287]
Control: [90, 90, 90, 90]

State: [0.911772308349609, -1.261037392616272, -3.123565430648096]
Control: [90, 90, 90, 90]

State: [0.9119511222839352, -1.2622300815582275, -3.123139264787597]
Control: [90, 90, 90, 90]

State: [0.9119339561462398, -1.2638453674316406, -3.122539033177801]
Control: [90, 90, 90, 90]

State: [0.9116135215759273, -1.2653788757324218, -3.1220244397873427]
Control: [90, 90, 90, 90]

State: [0.9106693840026852, -1.2666341495513915, -3.1217470378955854]
Control: [90, 90, 90, 90]

State: [0.9093974208831783, -1.2679838371276855, -3.121086783234209]
Control: [90, 90, 90, 90]

State: [0.9083748435974117, -1.2691829633712768, -3.120744663824508]
Control: [90, 90, 90, 90]

State: [0.9078083610534664, -1.270398540496826, -3.120117210025523]
Control: [90, 90, 90, 90]

State: [0.9077363586425777, -1.2713534069061279, -3.119939431007017]
Control: [90, 90, 90, 90]

State: [0.9078090763092037, -1.2726147603988647, -3.119712219195405]
Control: [90, 90, 90, 90]

State: [0.9078589057922359, -1.2740666103363036, -3.119702625122897]
Control: [90, 90, 90, 90]

State: [0.9076722240447994, -1.2757337522506713, -3.119638977000485]
Control: [90, 90, 90, 90]

State: [0.9073076820373531, -1.2770932149887084, -3.119697114954149]
Control: [90, 90, 90, 90]

State: [0.9069557762145992, -1.2777191829681396, -3.119810707329585]
Control: [90, 90, 90, 90]

State: [0.9063699817657467, -1.2780385446548461, -3.1199372014982942]
Control: [90, 90, 90, 90]

State: [0.9059603786468502, -1.2783827018737792, -3.1199692362284326]
Control: [90, 90, 90, 90]

State: [0.9059303379058834, -1.278702540397644, -3.1200947716874383]
Control: [90, 90, 90, 90]

State: [0.9062333679199215, -1.2789991331100463, -3.1200708475173498]
Control: [90, 90, 90, 90]

State: [0.9066210365295406, -1.2792199087142944, -3.119828006035742]
Control: [90, 90, 90, 90]

State: [0.9072371101379391, -1.2794892024993896, -3.1200272526852184]
Control: [90, 90, 90, 90]

State: [0.907830772399902, -1.2802230548858642, -3.120223248504595]
Control: [90, 90, 90, 90]

State: [0.9084194278717037, -1.2815717887878417, -3.1201680387359065]
Control: [90, 90, 90, 90]

State: [0.9086909866333004, -1.2827606630325317, -3.12028186404226]
Control: [90, 90, 90, 90]

State: [0.9085667705535885, -1.284315390586853, -3.1200537841264935]
Control: [90, 90, 90, 90]

State: [0.9080148315429684, -1.2856681776046752, -3.1201123937883626]
Control: [90, 90, 90, 90]

State: [0.9078028774261471, -1.287044687271118, -3.120220657646601]
Control: [90, 90, 90, 90]

State: [0.9080615615844723, -1.2881422472000121, -3.1203509560175196]
Control: [90, 90, 90, 90]

State: [0.9083693599700924, -1.2890377473831176, -3.120160926066582]
Control: [90, 90, 90, 90]

State: [0.9082742309570309, -1.290050311088562, -3.120068745289758]
Control: [90, 90, 90, 90]

State: [0.9079511737823482, -1.290868444442749, -3.1200291659850334]
Control: [90, 90, 90, 90]

State: [0.9077051258087154, -1.291813654899597, -3.1199282780998203]
Control: [90, 90, 90, 90]

State: [0.9077790355682369, -1.2926645708084106, -3.1197675613244225]
Control: [90, 90, 90, 90]

State: [0.9078133678436275, -1.2930790615081786, -3.1195974304897978]
Control: [90, 90, 90, 90]

State: [0.9075337028503414, -1.293254656791687, -3.119440491199787]
Control: [90, 90, 90, 90]

State: [0.9073429679870602, -1.293309850692749, -3.1192451800023258]
Control: [90, 90, 90, 90]

State: [0.9074643230438229, -1.2936171722412109, -3.1190016615469163]
Control: [90, 90, 90, 90]

State: [0.9083726978301998, -1.2940891218185424, -3.1187438158104794]
Control: [90, 90, 90, 90]

State: [0.909575042724609, -1.2946821880340575, -3.1184888499965546]
Control: [90, 90, 90, 90]

State: [0.9107940769195553, -1.2952566576004028, -3.118114603467177]
Control: [90, 90, 90, 90]

State: [0.9115157699584957, -1.2957864236831664, -3.117803371928508]
Control: [90, 90, 90, 90]

State: [0.9118376350402828, -1.2966082525253295, -3.117584971864195]
Control: [90, 90, 90, 90]

State: [0.9119072532653805, -1.2976228427886962, -3.117079803910946]
Control: [90, 90, 90, 90]

State: [0.9117270088195797, -1.298694176673889, -3.116712440891789]
Control: [90, 90, 90, 90]

State: [0.9114308929443355, -1.2996671628952026, -3.116401894575779]
Control: [90, 90, 90, 90]

State: [0.9112709140777584, -1.3009316158294677, -3.1159571894272897]
Control: [90, 90, 90, 90]

State: [0.9112635231018062, -1.3022743892669677, -3.1160454872559376]
Control: [90, 90, 90, 90]

State: [0.9114475822448727, -1.3031310272216796, -3.1160873046285884]
Control: [90, 90, 90, 90]

State: [0.9117503738403316, -1.3036127519607543, -3.116029316212807]
Control: [90, 90, 90, 90]

State: [0.9122913455963131, -1.3041596841812133, -3.115894497375438]
Control: [90, 90, 90, 90]

State: [0.9128213500976559, -1.3049178552627563, -3.1158236972656868]
Control: [90, 90, 90, 90]

State: [0.913389739990234, -1.305933518409729, -3.1157265696762915]
Control: [90, 90, 90, 90]

State: [0.913763103485107, -1.306618137359619, -3.115548359907317]
Control: [90, 90, 90, 90]

State: [0.9139636135101314, -1.306884331703186, -3.1153300504531565]
Control: [90, 90, 90, 90]

State: [0.9138932800292965, -1.3066676092147826, -3.1150398619512125]
Control: [90, 90, 90, 90]

State: [0.9142504310607906, -1.3066243362426757, -3.1148405785497673]
Control: [90, 90, 90, 90]

State: [0.9150643920898434, -1.3067607116699218, -3.1146385325767465]
Control: [90, 90, 90, 90]

State: [0.915972051620483, -1.3069895935058593, -3.1141953551952337]
Control: [90, 90, 90, 90]

State: [0.9171417331695553, -1.3071715068817138, -3.113920949319198]
Control: [90, 90, 90, 90]

State: [0.918023643493652, -1.3074239921569824, -3.1136546683346342]
Control: [90, 90, 90, 90]

State: [0.9186807250976559, -1.3081185054779052, -3.113251547630715]
Control: [90, 90, 90, 90]

State: [0.918986139297485, -1.309080762863159, -3.112924276671241]
Control: [90, 90, 90, 90]

State: [0.9190488433837887, -1.3103095722198486, -3.1123501614396343]
Control: [90, 90, 90, 90]

State: [0.9190459823608395, -1.311431450843811, -3.1120446494404796]
Control: [90, 90, 90, 90]

State: [0.9190955734252926, -1.31253032207489, -3.111570354305522]
Control: [90, 90, 90, 90]

State: [0.919420537948608, -1.3137585353851318, -3.111150529176341]
Control: [90, 90, 90, 90]

State: [0.9198141670227047, -1.3147584629058837, -3.1106282352384116]
Control: [90, 90, 90, 90]

State: [0.9202535724639889, -1.3154825401306152, -3.1101143706810706]
Control: [90, 90, 90, 90]

State: [0.9207792854309078, -1.3157830667495727, -3.10955568207056]
Control: [90, 90, 90, 90]

State: [0.921115455627441, -1.3160773944854736, -3.109017149403905]
Control: [90, 90, 90, 90]

State: [0.9213193035125729, -1.316351933479309, -3.1084445728034718]
Control: [90, 90, 90, 90]

State: [0.9212909317016598, -1.3167891931533813, -3.107802354066054]
Control: [90, 90, 90, 90]

State: [0.9212067699432369, -1.3170396518707275, -3.107141362133599]
Control: [90, 90, 90, 90]

State: [0.921197710037231, -1.317085666656494, -3.106447281429016]
Control: [90, 90, 90, 90]

State: [0.9216850376129146, -1.3169055414199828, -3.105817771387667]
Control: [90, 90, 90, 90]

State: [0.922685918807983, -1.316830916404724, -3.105178148936641]
Control: [90, 90, 90, 90]

State: [0.9242005920410152, -1.3169570398330688, -3.1045032367885836]
Control: [90, 90, 90, 90]

State: [0.9255998706817623, -1.3173602056503295, -3.1037004015319742]
Control: [90, 90, 90, 90]

State: [0.9266734695434566, -1.3179777097702026, -3.103010655377861]
Control: [90, 90, 87, 87]

State: [0.9270856952667232, -1.3185613584518432, -3.1014649752399035]
Control: [90, 90, 90, 90]

State: [0.9267316436767574, -1.319455189704895, -3.1003418377270786]
Control: [90, 90, 90, 90]

State: [0.9260728931426998, -1.3202225399017333, -3.099593001130445]
Control: [90, 90, 90, 90]

State: [0.9252076721191402, -1.3210965824127197, -3.0988332050556293]
Control: [90, 90, 90, 90]

State: [0.924218950271606, -1.3217459154129028, -3.0980900846430233]
Control: [90, 90, 90, 90]

State: [0.9233723258972164, -1.3224927616119384, -3.0971273666888033]
Control: [90, 90, 90, 90]

State: [0.923120079040527, -1.3232113552093505, -3.0961960309528718]
Control: [90, 90, 90, 90]

State: [0.9231758689880367, -1.3239407968521117, -3.095286447935108]
Control: [90, 90, 90, 90]

State: [0.9232812499999996, -1.3244413566589355, -3.0941763385075465]
Control: [90, 90, 90, 90]

State: [0.9231794452667232, -1.3246056270599365, -3.093315584903784]
Control: [90, 90, 90, 90]

State: [0.9228480434417721, -1.3246956300735473, -3.0922798765199984]
Control: [90, 90, 90, 90]

State: [0.9223993396759029, -1.324744267463684, -3.0913987573895394]
Control: [90, 90, 90, 90]

State: [0.9221382713317867, -1.3247834873199462, -3.090428050097313]
Control: [90, 90, 90, 90]

State: [0.9222431755065914, -1.32487003326416, -3.0894136869437085]
Control: [90, 90, 90, 90]

State: [0.9225602722167965, -1.32501868724823, -3.088230003730822]
Control: [90, 90, 90, 90]

State: [0.9230311489105221, -1.3250514698028564, -3.0871608977611653]
Control: [90, 90, 90, 90]

State: [0.9233801937103268, -1.3249675464630126, -3.086064535537419]
Control: [90, 90, 90, 90]

State: [0.923768100738525, -1.3249113988876342, -3.0850074315526013]
Control: [90, 90, 90, 90]

State: [0.9239543056488033, -1.3250285816192626, -3.0838839073278717]
Control: [90, 90, 90, 90]

State: [0.9240391826629635, -1.3253239822387695, -3.0826556103104426]
Control: [90, 90, 90, 90]

State: [0.9239743328094479, -1.3258736562728881, -3.0812841356786334]
Control: [90, 90, 90, 90]

State: [0.9237032508850094, -1.3265803289413451, -3.0797531410117793]
Control: [90, 90, 90, 90]

State: [0.9232159233093258, -1.3273926210403442, -3.077947226752132]
Control: [90, 90, 90, 90]

State: [0.9228907203674312, -1.3280913066864013, -3.0764675058635658]
Control: [90, 90, 90, 90]

State: [0.9230828857421871, -1.328874750137329, -3.074466153584366]
Control: [93, 87, 90, 90]

State: [0.9236443614959713, -1.3295947742462157, -3.0731241011670254]
Control: [93, 87, 90, 90]

State: [0.9244533157348629, -1.3302836847305297, -3.073805870433158]
Control: [93, 87, 90, 90]

State: [0.9251444911956783, -1.3306072187423705, -3.076092915449384]
Control: [90, 90, 90, 90]

State: [0.9256244277954098, -1.3302681875228881, -3.0796461251569225]
Control: [90, 90, 90, 90]

State: [0.9259014701843258, -1.3293716144561767, -3.082951670659961]
Control: [90, 90, 90, 90]

State: [0.9262123680114742, -1.3286532592773437, -3.0857767757366186]
Control: [90, 90, 90, 90]

State: [0.9264760589599605, -1.3279169034957885, -3.0884851876213992]
Control: [90, 90, 90, 90]

State: [0.9268134212493893, -1.3276391458511352, -3.091372182575408]
Control: [90, 90, 90, 90]

State: [0.9276459789276119, -1.3274068069458007, -3.0944913951372994]
Control: [90, 90, 87, 87]

State: [0.9284239387512203, -1.327193899154663, -3.0964410859256404]
Control: [90, 90, 87, 87]

State: [0.9287202930450436, -1.3269538116455077, -3.09808615059615]
Control: [90, 90, 87, 87]

State: [0.9284387207031246, -1.326707763671875, -3.0995867317346932]
Control: [90, 90, 90, 90]

State: [0.9277163124084469, -1.3265635204315185, -3.101671576223001]
Control: [90, 90, 90, 90]

State: [0.9269388294219967, -1.3264414501190185, -3.103815409777024]
Control: [90, 90, 90, 90]

State: [0.9260120964050289, -1.3264725637435912, -3.1058367092281407]
Control: [90, 90, 90, 90]

State: [0.9248066520690914, -1.326712770462036, -3.1077510344297226]
Control: [90, 90, 90, 90]

State: [0.9232020950317379, -1.3275266122817992, -3.109377703800951]
Control: [90, 90, 90, 90]

State: [0.921594438552856, -1.3283176851272582, -3.1109207925771214]
Control: [90, 90, 90, 90]

State: [0.9203203296661373, -1.328878207206726, -3.1122627989604936]
Control: [90, 90, 90, 90]

State: [0.9190860366821285, -1.328991813659668, -3.114002025802194]
Control: [90, 90, 90, 90]

State: [0.9182367897033687, -1.328785581588745, -3.1152788139984127]
Control: [90, 90, 90, 90]

State: [0.9174638366699215, -1.3286471796035766, -3.116513832798015]
Control: [90, 90, 90, 90]

State: [0.916910943984985, -1.3283503484725951, -3.1174864304380776]
Control: [90, 90, 90, 90]

State: [0.9163284873962398, -1.327956838607788, -3.118090263368473]
Control: [90, 90, 90, 90]

State: [0.9158857440948482, -1.3273247909545898, -3.1184229030070205]
Control: [90, 90, 90, 90]

State: [0.9155231094360348, -1.3267245721817016, -3.1187765131241134]
Control: [90, 90, 90, 90]

State: [0.9153540706634518, -1.3263034057617187, -3.11921692054535]
Control: [90, 90, 90, 90]

State: [0.9153905487060543, -1.3260323238372802, -3.119487711646835]
Control: [90, 90, 90, 90]

State: [0.9155569648742672, -1.325584454536438, -3.1195199468310437]
Control: [90, 90, 90, 90]

State: [0.9159060096740719, -1.3248366546630859, -3.1197721559507943]
Control: [90, 90, 90, 90]

State: [0.916338262557983, -1.3238383960723876, -3.12005518626523]
Control: [90, 90, 90, 90]

State: [0.9165912246704098, -1.322635931968689, -3.1203366198693496]
Control: [90, 90, 90, 90]

State: [0.9166901683807369, -1.32152108669281, -3.1200877476573496]
Control: [90, 90, 90, 90]

State: [0.9163556671142574, -1.3205513191223144, -3.1204944759719195]
Control: [90, 90, 90, 90]

State: [0.9157763099670406, -1.3200324010848998, -3.1207539062194996]
Control: [90, 90, 90, 90]

State: [0.9150360202789303, -1.3197787237167358, -3.1209274605854507]
Control: [90, 90, 90, 90]

State: [0.9147241687774654, -1.319904727935791, -3.1210282732748413]
Control: [90, 90, 90, 90]

State: [0.9146833992004391, -1.3199738693237304, -3.121171131762552]
Control: [90, 90, 90, 90]

State: [0.9148479080200191, -1.3196747732162475, -3.1215935531703667]
Control: [90, 90, 90, 90]

State: [0.9149787998199459, -1.3188610506057739, -3.12153925182589]
Control: [90, 90, 90, 90]

State: [0.9151721572875973, -1.3177103233337402, -3.121641404458622]
Control: [90, 90, 90, 90]

State: [0.9154136753082271, -1.316610140800476, -3.1216343740715105]
Control: [90, 90, 90, 90]

State: [0.915725526809692, -1.3155613374710082, -3.122105703852128]
Control: [90, 90, 90, 90]

State: [0.9157553291320797, -1.314403338432312, -3.1222994575066485]
Control: [90, 90, 90, 90]

State: [0.9156587696075436, -1.3126413059234618, -3.1224645654248206]
Control: [90, 90, 90, 90]

State: [0.9153931713104244, -1.3107067775726318, -3.1226374502652487]
Control: [90, 90, 90, 90]

State: [0.9154592132568355, -1.3083450031280517, -3.1227672216557356]
Control: [90, 90, 90, 90]

State: [0.9156928634643551, -1.3080510330200195, -3.123033047871578]
Control: [90, 90, 90, 90]

State: [0.91655665397644, -1.306910080909729, -3.123212758255514]
Control: [90, 90, 90, 90]

State: [0.9172447299957271, -1.30526713848114, -3.1232450651113073]
Control: [90, 90, 90, 90]

State: [0.9177158451080318, -1.3057628107070922, -3.1235947871453145]
Control: [90, 90, 90, 90]

State: [0.9178045368194576, -1.3032122087478637, -3.123558021898508]
Control: [90, 90, 90, 90]

State: [0.9178991889953609, -1.3021967840194701, -3.123686320770614]
Control: [90, 90, 90, 90]

State: [0.9179695224761959, -1.3002436590194701, -3.1234184369398967]
Control: [90, 90, 90, 90]

State: [0.9181302165985104, -1.2984135580062866, -3.123868326330393]
Control: [90, 90, 90, 90]

State: [0.9180946922302242, -1.2968157958984374, -3.123638432663672]
Control: [90, 90, 90, 90]

State: [0.9179990863800045, -1.2962921094894408, -3.123427896795306]
Control: [90, 90, 90, 90]

State: [0.9176390743255611, -1.293807668685913, -3.1234055853973093]
Control: [90, 90, 90, 90]

State: [0.9171660518646236, -1.29200927734375, -3.123364693230481]
Control: [90, 90, 90, 90]

State: [0.9169357395172115, -1.2899558973312377, -3.1231228513602365]
Control: [90, 90, 90, 90]

State: [0.9167264080047604, -1.2839787435531616, -3.122910694997779]
Control: [90, 90, 90, 90]

State: [0.9166985130310055, -1.2803190183639526, -3.122899912530158]
Control: [90, 90, 90, 90]

State: [0.916751441955566, -1.274885458946228, -3.1225682689238474]
Control: [90, 90, 90, 90]

State: [0.9170067882537838, -1.2695464324951171, -3.1227605684227324]
Control: [90, 90, 90, 90]

State: [0.917444047927856, -1.2634346914291381, -3.1226119317202317]
Control: [90, 90, 90, 90]

State: [0.918145713806152, -1.2582346630096435, -3.122709953472399]
Control: [90, 90, 90, 90]

State: [0.9186187362670895, -1.2537857723236083, -3.122903190923136]
Control: [90, 90, 90, 90]

State: [0.9191845035552975, -1.2473861408233642, -3.1226841005414108]
Control: [87, 87, 90, 90]

State: [0.9199042892456051, -1.2418995332717895, -3.1227004939879035]
Control: [87, 87, 90, 90]

State: [0.9202595329284664, -1.2366819810867309, -3.123158919225483]
Control: [87, 87, 90, 90]

State: [0.9203074550628658, -1.2321521472930907, -3.1238862286199365]
Control: [87, 87, 90, 90]

State: [0.919897136688232, -1.2272034120559692, -3.124894315633879]
Control: [87, 87, 90, 90]

State: [0.9191823577880855, -1.2238831949234008, -3.1254346274558733]
Control: [87, 87, 90, 90]

State: [0.9183972454071041, -1.2197722625732421, -3.126269991424514]
Control: [87, 87, 90, 90]

State: [0.9181507205963131, -1.2173266839981078, -3.1271218698740437]
Control: [87, 87, 90, 90]

State: [0.9179936027526852, -1.2154734563827514, -3.127835215479227]
Control: [87, 87, 90, 90]

State: [0.9181132888793941, -1.2143785190582275, -3.1283084002749004]
Control: [87, 87, 90, 90]

State: [0.9184585189819332, -1.212788028717041, -3.129318515598229]
Control: [87, 87, 90, 90]

State: [0.9185183620452877, -1.210671706199646, -3.129814660336766]
Control: [87, 87, 90, 90]

State: [0.9189951992034908, -1.2095398139953613, -3.1306176066650253]
Control: [87, 87, 90, 90]

State: [0.9190548038482662, -1.2079214286804199, -3.1314995919435655]
Control: [87, 87, 90, 90]

State: [0.9187791919708248, -1.2071382236480712, -3.13187218430205]
Control: [87, 87, 90, 90]

State: [0.9182601547241207, -1.2063223552703857, -3.13275766437608]
Control: [87, 87, 90, 90]

State: [0.9178763008117672, -1.2059208583831786, -3.1336080984137507]
Control: [87, 87, 90, 90]

State: [0.9183731651306148, -1.2064006757736205, -3.1342564632250363]
Control: [87, 87, 90, 90]

State: [0.9186542606353756, -1.2072308492660522, -3.1351977908478275]
Control: [87, 87, 90, 90]

State: [0.9190552806854244, -1.2087455224990844, -3.135601187791355]
Control: [87, 87, 90, 90]

State: [0.9190579032897945, -1.21020357131958, -3.1370006594421573]
Control: [87, 87, 90, 90]

State: [0.918739852905273, -1.2121408414840698, -3.137872544610112]
Control: [87, 87, 90, 90]

State: [0.9191032028198238, -1.2165365648269653, -3.1387500544796194]
Control: [87, 87, 90, 90]

State: [0.9192882156372066, -1.2199894618988036, -3.1397501500255247]
Control: [87, 87, 90, 90]

State: [0.9192536449432369, -1.2231715154647826, -3.1406353233975546]
Control: [87, 87, 90, 90]

State: [0.9186158752441402, -1.2280466985702514, -3.141524439250875]
Control: [87, 90, 90, 90]

State: [0.9187915897369381, -1.2313539218902587, 3.1410599391264458]
Control: [87, 90, 90, 90]

State: [0.91850977897644, -1.2358470392227172, 3.1410170931693933]
Control: [87, 93, 90, 90]

State: [0.9184864139556881, -1.2394007873535156, -3.140491341033694]
Control: [90, 90, 90, 90]

State: [0.9184475517272945, -1.2426960897445678, -3.137323726824922]
Control: [90, 90, 90, 90]

State: [0.91769510269165, -1.2457393836975097, -3.1349505991193105]
Control: [90, 90, 90, 90]

State: [0.9174957847595211, -1.247744722366333, -3.132436889954656]
Control: [90, 90, 90, 90]

State: [0.916868743896484, -1.2494275999069213, -3.129774753330758]
Control: [90, 90, 90, 90]

State: [0.9162028408050533, -1.2510023546218871, -3.127506414918151]
Control: [90, 90, 90, 90]

State: [0.9157939529418941, -1.2534181308746337, -3.1250370121199342]
Control: [90, 90, 90, 90]

State: [0.9165287590026852, -1.2553841304779052, -3.1224958875538165]
Control: [90, 90, 90, 90]

State: [0.9174109077453609, -1.257450385093689, -3.120032359637496]
Control: [90, 90, 90, 90]

State: [0.9180422401428219, -1.2595754098892211, -3.1178489973132515]
Control: [90, 90, 90, 90]

State: [0.9189458465576168, -1.262487096786499, -3.115302170010862]
Control: [90, 90, 90, 90]

State: [0.9190831756591793, -1.2649362516403198, -3.1130893689062793]
Control: [90, 90, 90, 90]

State: [0.9193699932098385, -1.2667367887496948, -3.1105642679051617]
Control: [90, 90, 90, 90]

State: [0.9187706089019771, -1.2690195274353027, -3.1081542795566364]
Control: [90, 90, 90, 90]

State: [0.9186103916168209, -1.2716865968704223, -3.1057458306073342]
Control: [90, 90, 90, 90]

State: [0.9179118251800533, -1.2752563190460204, -3.1032749945234843]
Control: [90, 90, 90, 90]

State: [0.9172719097137447, -1.27754656791687, -3.100986346136399]
Control: [90, 90, 90, 90]

State: [0.9164975261688229, -1.2799799871444701, -3.098481690999904]
Control: [90, 90, 90, 90]

State: [0.9165680980682369, -1.2822348308563232, -3.096018532741698]
Control: [90, 90, 90, 90]

State: [0.9170351600646969, -1.2855580282211303, -3.093339120418183]
Control: [90, 90, 90, 90]

State: [0.9170868968963619, -1.2878722381591796, -3.0911149843514876]
Control: [90, 90, 90, 90]

State: [0.9175539588928219, -1.289808793067932, -3.0890420172923116]
Control: [90, 90, 90, 90]

State: [0.9177098846435543, -1.2917732429504394, -3.0866431974968616]
Control: [90, 90, 90, 90]

State: [0.9188833808898922, -1.2936019134521484, -3.0847272313618452]
Control: [90, 90, 90, 90]

State: [0.9195442771911617, -1.295651717185974, -3.0828954755217675]
Control: [90, 90, 90, 90]

State: [0.9200516319274898, -1.296207947731018, -3.08086963275422]
Control: [90, 90, 90, 90]

State: [0.9203441715240475, -1.2971995306015014, -3.07927010909566]
Control: [90, 90, 90, 90]

State: [0.9210455989837643, -1.2988673877716064, -3.0777826507573467]
Control: [90, 90, 90, 90]

State: [0.9219825839996334, -1.300319833755493, -3.076150187467381]
Control: [90, 90, 90, 90]

State: [0.9219742393493648, -1.3023343515396117, -3.074541603991871]
Control: [93, 87, 90, 90]

State: [0.9223201847076412, -1.3040587139129638, -3.0733939581323058]
Control: [93, 87, 90, 90]

State: [0.9226463413238521, -1.305903239250183, -3.0743164514206245]
Control: [93, 87, 90, 90]

State: [0.9230805015563961, -1.3076363039016723, -3.076953757530665]
Control: [90, 90, 90, 90]

State: [0.9234796142578121, -1.3101879787445068, -3.0804625924347238]
Control: [90, 90, 90, 90]

State: [0.9240940189361568, -1.3128309679031371, -3.083559864349344]
Control: [90, 90, 90, 90]

State: [0.9245675182342525, -1.3159310054779052, -3.0864587017863148]
Control: [90, 90, 90, 90]

State: [0.9253576374053951, -1.317799253463745, -3.088417767694289]
Control: [90, 90, 90, 90]

State: [0.9260233020782467, -1.3212349843978881, -3.091833264152375]
Control: [90, 90, 90, 90]

State: [0.9266138648986812, -1.3236015272140502, -3.0944481088748206]
Control: [90, 90, 90, 90]

State: [0.9274333095550533, -1.3256766033172607, -3.096610042499881]
Control: [90, 90, 90, 90]

State: [0.9278729534149166, -1.3274357748031616, -3.09931122810898]
Control: [90, 90, 87, 87]

State: [0.9277144050598141, -1.3280123901367187, -3.100934013851315]
Control: [90, 90, 90, 90]

State: [0.9268248653411861, -1.3285373878479003, -3.102771743398304]
Control: [90, 90, 90, 90]

State: [0.9269047355651852, -1.3294735383987426, -3.1052095401599646]
Control: [90, 90, 90, 90]

State: [0.9268582439422604, -1.330671830177307, -3.107317239530944]
Control: [90, 90, 90, 90]

State: [0.9273195838928219, -1.3313067388534545, -3.1095876418493984]
Control: [90, 90, 87, 87]

State: [0.9269030666351314, -1.3324881029129028, -3.111148000957753]
Control: [90, 90, 90, 90]

State: [0.926613388061523, -1.333982629776001, -3.112840114372007]
Control: [90, 90, 90, 90]

State: [0.9269252395629879, -1.3358921241760253, -3.114919897301846]
Control: [90, 90, 87, 87]

State: [0.9270966625213619, -1.3377255630493163, -3.116105247131396]
Control: [90, 90, 90, 90]

State: [0.9260438060760494, -1.3392659854888915, -3.117459814411035]
Control: [90, 90, 90, 90]

State: [0.9245510673522945, -1.3409007024765014, -3.119109211787011]
Control: [90, 90, 90, 90]

State: [0.9230204200744625, -1.3422769737243652, -3.120415848296019]
Control: [90, 90, 90, 90]

State: [0.9210548973083492, -1.343752188682556, -3.122115250020333]
Control: [90, 90, 90, 90]

State: [0.9194105243682857, -1.345656795501709, -3.123549125758552]
Control: [90, 90, 90, 90]

State: [0.9175115203857418, -1.3477784824371337, -3.1245504339964953]
Control: [90, 90, 90, 90]

State: [0.9162245368957516, -1.3496791553497314, -3.125887734827408]
Control: [90, 90, 90, 90]

State: [0.9152470207214352, -1.3517280054092407, -3.1267026876814175]
Control: [90, 90, 90, 90]

State: [0.9139299964904781, -1.352289719581604, -3.128239440999704]
Control: [90, 90, 90, 90]

State: [0.9131281948089596, -1.3529971075057983, -3.1292767349993778]
Control: [90, 90, 90, 90]

State: [0.9124911403656002, -1.3537003231048583, -3.1303014274035217]
Control: [90, 90, 90, 90]

State: [0.9116483306884762, -1.3544832897186279, -3.131412769775802]
Control: [90, 90, 90, 90]

State: [0.9113448238372799, -1.3551059198379516, -3.1324092782832773]
Control: [90, 90, 90, 90]

State: [0.9107902622222896, -1.355582399368286, -3.1332357491416807]
Control: [90, 90, 90, 90]

State: [0.9105911827087398, -1.3568278980255126, -3.134208798429697]
Control: [90, 90, 90, 90]

State: [0.9098306274414059, -1.3574593496322631, -3.13512938895529]
Control: [90, 90, 90, 90]

State: [0.9086702442169186, -1.358168168067932, -3.135594332815026]
Control: [90, 90, 90, 90]

State: [0.9081144905090328, -1.3586767148971557, -3.1364439372525137]
Control: [90, 90, 90, 90]

State: [0.9075973606109615, -1.3593249750137328, -3.136877965085232]
Control: [90, 90, 90, 90]

State: [0.9066410636901852, -1.3601308298110961, -3.137440184246371]
Control: [90, 90, 90, 90]

State: [0.9047494506835934, -1.3608308267593383, -3.137972131101663]
Control: [90, 90, 90, 90]

State: [0.9031344032287594, -1.3623729181289672, -3.138428280616302]
Control: [93, 93, 90, 90]

State: [0.9022088623046871, -1.3636485767364501, -3.138494169160966]
Control: [93, 93, 90, 90]

State: [0.901917514801025, -1.364537878036499, -3.1387916503189754]
Control: [93, 93, 90, 90]

State: [0.9015932655334469, -1.3647855949401855, -3.138870362035139]
Control: [93, 93, 90, 90]

State: [0.9008889770507809, -1.364919466972351, -3.1390155932591566]
Control: [93, 93, 90, 90]

State: [0.9008079147338863, -1.364427490234375, -3.13935579970198]
Control: [90, 90, 90, 90]

State: [0.9009619331359859, -1.3628143501281738, -3.1391742666918416]
Control: [90, 90, 90, 90]

State: [0.9004741287231441, -1.360867781639099, -3.139433523124214]
Control: [90, 90, 90, 90]

State: [0.8993762111663814, -1.358300609588623, -3.1397496637694795]
Control: [90, 90, 90, 90]

State: [0.898889360427856, -1.3555981349945068, -3.139975917990453]
Control: [90, 90, 90, 90]

State: [0.8983176326751705, -1.3528964948654174, -3.140247686935786]
Control: [90, 90, 90, 90]

State: [0.8980777835845943, -1.3507559728622436, -3.140264252022216]
Control: [90, 90, 90, 90]

State: [0.8982771015167232, -1.3483946752548217, -3.1407984155508832]
Control: [90, 90, 90, 90]

State: [0.8980367755889889, -1.346756978034973, -3.1408022383421157]
Control: [90, 90, 90, 90]

State: [0.8984740352630611, -1.3447719049453735, -3.140597009784654]
Control: [90, 90, 90, 90]

State: [0.8988552665710445, -1.3422375154495239, -3.140683825182657]
Control: [90, 90, 90, 90]

State: [0.8993702507019039, -1.3408651781082153, -3.140154191367377]
Control: [90, 90, 90, 90]

State: [0.8994985198974605, -1.3395321798324584, -3.1402651949911187]
Control: [90, 90, 90, 90]

State: [0.8995776748657223, -1.338995976448059, -3.1401084152126106]
Control: [90, 90, 90, 90]

State: [0.8992572402954098, -1.3379176092147826, -3.139691399005494]
Control: [90, 90, 90, 90]

State: [0.898797807693481, -1.3367125225067138, -3.1393455990006602]
Control: [90, 90, 90, 90]

State: [0.8989081954956051, -1.3359536361694335, -3.1385965616941993]
Control: [90, 90, 90, 90]

State: [0.8989365673065182, -1.335094494819641, -3.137842110172522]
Control: [90, 90, 90, 90]

State: [0.8987851715087887, -1.3337278795242309, -3.136578498750942]
Control: [90, 90, 90, 90]

State: [0.8984261131286617, -1.332045955657959, -3.135932659168424]
Control: [90, 90, 90, 90]

State: [0.8982058143615719, -1.3305287790298461, -3.134886687833705]
Control: [90, 90, 90, 90]

State: [0.8985941982269283, -1.3287300300598144, -3.1334382977022686]
Control: [90, 90, 90, 90]

State: [0.8990543460845943, -1.3268228006362914, -3.132624064954812]
Control: [90, 90, 90, 90]

State: [0.8998098945617672, -1.3243611288070678, -3.1307690809833053]
Control: [90, 90, 90, 90]

State: [0.9005542373657223, -1.3222248983383178, -3.129417208323241]
Control: [90, 90, 90, 90]

State: [0.9016891098022457, -1.3204807472229003, -3.1277523382091696]
Control: [90, 90, 90, 90]

State: [0.902638254165649, -1.3189224433898925, -3.125848510528553]
Control: [90, 90, 90, 90]

State: [0.9040365791320797, -1.3178372812271117, -3.1241784732583477]
Control: [90, 90, 90, 90]

State: [0.9047411060333248, -1.3164519500732421, -3.1222984128432345]
Control: [90, 90, 90, 90]

State: [0.9051204299926754, -1.3151226472854614, -3.120389869223442]
Control: [90, 90, 90, 90]

State: [0.9050038433074947, -1.3130263519287109, -3.1185662319902114]
Control: [90, 90, 90, 90]

State: [0.9048750972747799, -1.3114706707000732, -3.1162952280815768]
Control: [90, 90, 90, 90]

State: [0.9049816703796383, -1.3102249336242675, -3.114614775474847]
Control: [90, 90, 90, 90]

State: [0.9050942039489742, -1.3095254135131835, -3.1129937238524885]
Control: [90, 90, 90, 90]

State: [0.9054635143280025, -1.3089930248260497, -3.1108613047146996]
Control: [90, 90, 90, 90]

State: [0.9055860614776607, -1.3082718086242675, -3.1086336846223186]
Control: [90, 90, 90, 90]

State: [0.9065058803558346, -1.307542963027954, -3.106724566896859]
Control: [90, 90, 90, 90]

State: [0.9077590084075924, -1.30673996925354, -3.1043168094253297]
Control: [90, 90, 90, 90]

State: [0.9081652736663814, -1.3062241506576537, -3.102112148064817]
Control: [90, 90, 90, 90]

State: [0.9093413925170895, -1.3053025436401366, -3.0999553261182142]
Control: [90, 90, 90, 90]

State: [0.9101605987548824, -1.3037804794311523, -3.0975601390928595]
Control: [90, 90, 90, 90]

State: [0.9115264987945553, -1.3016205263137817, -3.095562268711604]
Control: [90, 90, 90, 90]

State: [0.9120350456237789, -1.2997825574874877, -3.0933014139030295]
Control: [90, 90, 90, 90]

State: [0.9123223400115963, -1.2972481679916381, -3.091115502280248]
Control: [90, 90, 90, 90]

State: [0.9128473377227779, -1.2952803802490234, -3.0888466791712745]
Control: [90, 90, 90, 90]

State: [0.913551864624023, -1.2939690780639648, -3.0866966381675778]
Control: [90, 90, 90, 90]

State: [0.9145265197753902, -1.292020125389099, -3.0845825183873736]
Control: [90, 90, 90, 90]

State: [0.9148130989074703, -1.2910834980010986, -3.0823194591189758]
Control: [90, 90, 90, 90]

State: [0.9152284240722652, -1.2896768283843993, -3.0799161265481674]
Control: [90, 90, 90, 90]

State: [0.9158092117309566, -1.288833303451538, -3.0777383552419653]
Control: [90, 90, 90, 90]

State: [0.916864213943481, -1.2875627708435058, -3.0757429755195234]
Control: [90, 90, 90, 90]

State: [0.9173744297027584, -1.286752028465271, -3.073306059061949]
Control: [93, 87, 90, 90]

State: [0.9179833507537838, -1.2864952516555785, -3.071575135627352]
Control: [93, 87, 90, 90]

State: [0.9184523200988766, -1.2863079738616943, -3.072254634234864]
Control: [93, 87, 90, 90]

State: [0.9190316772460934, -1.2860610914230346, -3.074069233862407]
Control: [93, 87, 90, 90]

State: [0.9196727848052975, -1.2855557632446288, -3.077832641384349]
Control: [90, 90, 90, 90]

State: [0.9199073886871334, -1.284862561225891, -3.082045261507793]
Control: [90, 90, 90, 90]

State: [0.9203272438049312, -1.2836180162429809, -3.0859236058369333]
Control: [90, 90, 90, 90]

State: [0.9204333400726314, -1.2817268800735473, -3.0898825561923258]
Control: [90, 90, 90, 90]

State: [0.9206863021850582, -1.2798943948745727, -3.093530809896246]
Control: [90, 90, 90, 90]

State: [0.921171722412109, -1.2780297231674194, -3.0969396491401806]
Control: [90, 90, 90, 90]

State: [0.9220457649230953, -1.2773049306869506, -3.100368316358501]
Control: [90, 90, 90, 90]

State: [0.9230671501159664, -1.2750679683685302, -3.103800813521419]
Control: [90, 90, 90, 90]

State: [0.9238141155242916, -1.2739224863052367, -3.1069298223048407]
Control: [90, 90, 90, 90]

State: [0.9250386333465572, -1.2722344827651977, -3.1100688671739247]
Control: [90, 90, 87, 87]

State: [0.9258688068389889, -1.2716056537628173, -3.1122913530055016]
Control: [90, 90, 87, 87]

State: [0.9264448261260982, -1.2708850336074828, -3.114398324090901]
Control: [90, 90, 87, 87]

State: [0.9254873371124264, -1.2693356704711913, -3.116365257692014]
Control: [90, 90, 90, 90]

State: [0.9236646270751949, -1.2682143878936767, -3.118596617157302]
Control: [90, 90, 90, 90]

State: [0.9218705272674557, -1.267161293029785, -3.1209640823649263]
Control: [90, 90, 90, 90]

State: [0.9201474761962887, -1.266703290939331, -3.123345218848648]
Control: [90, 90, 90, 90]

State: [0.9184659099578854, -1.265813512802124, -3.1255234462673993]
Control: [90, 90, 90, 90]

State: [0.9165561771392818, -1.2654511165618896, -3.1276815775386195]
Control: [90, 90, 90, 90]

State: [0.9153225994110104, -1.2644019556045532, -3.129694467978352]
Control: [90, 90, 90, 90]

State: [0.9137504673004146, -1.2638658714294433, -3.1319422912917414]
Control: [90, 90, 90, 90]

State: [0.9126110649108883, -1.263257427215576, -3.1340409810118532]
Control: [90, 90, 90, 90]

State: [0.9122748947143551, -1.2622672748565673, -3.1360037549285056]
Control: [90, 90, 90, 90]

State: [0.9114597415924068, -1.261158628463745, -3.13821839359533]
Control: [90, 90, 90, 90]

State: [0.9104228591918941, -1.2595440578460693, -3.1398173413868813]
Control: [90, 90, 90, 90]

State: [0.9093392467498775, -1.2576234769821166, 3.1413995837945032]
Control: [87, 93, 90, 90]

State: [0.908746538162231, -1.2560244035720824, 3.139230779843492]
Control: [87, 93, 90, 90]

State: [0.9083231067657467, -1.2546507549285888, 3.1405698733766982]
Control: [87, 93, 90, 90]

State: [0.9079194641113277, -1.2521619033813476, -3.1414880526378948]
Control: [90, 90, 90, 90]

State: [0.9065108871459957, -1.2497820091247558, -3.1388380977410306]
Control: [90, 90, 90, 90]

State: [0.9052312946319576, -1.2469609212875366, -3.136102288972783]
Control: [90, 90, 90, 90]

State: [0.9043984985351559, -1.2448754739761352, -3.133540376158993]
Control: [90, 90, 90, 90]

State: [0.9033215618133541, -1.243566198348999, -3.131091642111239]
Control: [90, 90, 90, 90]

State: [0.9024286842346187, -1.2418564987182616, -3.128605460299742]
Control: [90, 90, 90, 90]

State: [0.9010174846649166, -1.240429801940918, -3.1262734363564544]
Control: [90, 90, 90, 90]

State: [0.9001236534118648, -1.2395596933364867, -3.1240342100201506]
Control: [90, 90, 90, 90]

State: [0.8998571014404293, -1.238600058555603, -3.121827286233431]
Control: [87, 87, 90, 90]

State: [0.8990712738037105, -1.2381644678115844, -3.1199888047688016]
Control: [87, 87, 90, 90]

State: [0.8980122184753414, -1.2380205821990966, -3.1175731215630096]
Control: [90, 90, 90, 90]

State: [0.8971548652648922, -1.238069815635681, -3.115981193739361]
Control: [90, 90, 90, 90]

State: [0.8966892337799068, -1.2376455497741699, -3.113990839665478]
Control: [87, 87, 90, 90]

State: [0.8957384204864498, -1.2370758485794067, -3.1123460337648656]
Control: [87, 87, 90, 90]

State: [0.8945279693603512, -1.2368015480041503, -3.1108686617549584]
Control: [87, 87, 90, 90]

State: [0.8933055973052975, -1.2365619373321532, -3.109281563323169]
Control: [87, 87, 90, 90]

State: [0.8922827816009518, -1.2366013956069946, -3.107815715686868]
Control: [87, 87, 90, 90]

State: [0.8920608139038082, -1.2371048164367675, -3.1065355799727166]
Control: [90, 90, 90, 90]

State: [0.8916898345947262, -1.2384843063354491, -3.1050726864362668]
Control: [90, 90, 90, 90]

State: [0.891494569778442, -1.2404352855682372, -3.1032008832268274]
Control: [90, 90, 90, 90]

State: [0.8910794830322262, -1.242104811668396, -3.101777046724731]
Control: [90, 90, 90, 90]

State: [0.8905644989013668, -1.2432083320617675, -3.100184437156891]
Control: [90, 90, 90, 90]

State: [0.8904567337036129, -1.2445260715484618, -3.098480068632051]
Control: [90, 90, 90, 90]

State: [0.8902352428436275, -1.2460446786880492, -3.096948165604202]
Control: [90, 90, 90, 90]

State: [0.8898881053924557, -1.2481095027923583, -3.0954355500425743]
Control: [90, 90, 90, 90]

State: [0.8887868499755855, -1.2500819396972656, -3.093698089072599]
Control: [90, 90, 90, 90]

State: [0.8873463249206539, -1.2513755989074706, -3.092170177727112]
Control: [90, 90, 90, 90]

State: [0.8866241550445553, -1.253168625831604, -3.090471026708499]
Control: [90, 90, 90, 90]

State: [0.8856237506866451, -1.255475444793701, -3.0887079204022125]
Control: [90, 90, 90, 90]

State: [0.8844752883911129, -1.2571100425720214, -3.087259989486275]
Control: [90, 90, 90, 90]

State: [0.8831194019317623, -1.2582599353790282, -3.085530768137689]
Control: [90, 90, 90, 90]

State: [0.8822537040710445, -1.2590809297561645, -3.083916926848362]
Control: [90, 90, 90, 90]

State: [0.881970701217651, -1.2611520719528198, -3.0822434895609137]
Control: [90, 90, 90, 90]

State: [0.8822067356109615, -1.2619917821884155, -3.080432649361059]
Control: [90, 90, 90, 90]

State: [0.8819413757324215, -1.2625790071487426, -3.079119436608934]
Control: [90, 90, 90, 90]

State: [0.8818045234680172, -1.2628853750228881, -3.0773852797334422]
Control: [90, 90, 90, 90]

State: [0.8819428062438961, -1.2638764810562133, -3.075645729639793]
Control: [90, 90, 90, 90]

State: [0.8818083381652828, -1.2647580337524413, -3.0740503304697597]
Control: [93, 87, 90, 90]

State: [0.8816145038604732, -1.265740795135498, -3.072912974429562]
Control: [93, 87, 90, 90]

State: [0.8809831714630123, -1.2665298414230346, -3.0739209073069786]
Control: [93, 87, 90, 90]

State: [0.88038140296936, -1.2672945690155029, -3.076407242896603]
Control: [90, 90, 90, 90]

State: [0.8799591636657711, -1.2680758666992187, -3.0801005491007882]
Control: [90, 90, 90, 90]

State: [0.8789587593078609, -1.2688022089004516, -3.083197215438307]
Control: [90, 90, 90, 90]

State: [0.8783300495147701, -1.2699902486801147, -3.0862673694417952]
Control: [90, 90, 90, 90]

State: [0.8774350261688229, -1.2714307737350463, -3.0892622715683746]
Control: [90, 90, 90, 90]

State: [0.8768148994445797, -1.2729835939407348, -3.0919970332489775]
Control: [90, 90, 90, 90]

State: [0.8761046504974361, -1.2744912338256835, -3.09482091728816]
Control: [90, 90, 90, 90]

State: [0.8759012794494625, -1.2766290140151977, -3.097359620901367]
Control: [90, 90, 90, 90]

State: [0.8761544799804684, -1.2786843013763427, -3.100141557560695]
Control: [90, 90, 90, 90]

State: [0.8761017894744869, -1.2795269918441772, -3.1022070458386324]
Control: [90, 90, 90, 90]

State: [0.8755384063720699, -1.280458493232727, -3.1045555177656263]
Control: [90, 90, 90, 90]

State: [0.8746359920501705, -1.280590100288391, -3.1070455478329224]
Control: [90, 90, 90, 90]

State: [0.8744404888153072, -1.2815572452545165, -3.109893579723389]
Control: [90, 90, 90, 90]

State: [0.8742833709716793, -1.2819910478591918, -3.112357029980856]
Control: [90, 90, 90, 90]

State: [0.8740897750854488, -1.2816944551467895, -3.1147928800867817]
Control: [90, 90, 90, 90]

State: [0.872914133071899, -1.281669659614563, -3.1172997673877894]
Control: [90, 90, 90, 90]

State: [0.8724349117279049, -1.2818022203445434, -3.1198712103715005]
Control: [90, 90, 90, 90]

State: [0.8724232292175289, -1.2818916273117065, -3.1222107227374774]
Control: [90, 90, 90, 90]

State: [0.8727186298370357, -1.2826002073287963, -3.1248056336407046]
Control: [90, 90, 90, 90]

State: [0.8727658367156979, -1.2835323047637939, -3.1269725742643755]
Control: [90, 90, 90, 90]

State: [0.872644243240356, -1.2842115592956542, -3.129790725410801]
Control: [90, 90, 90, 90]

State: [0.8725588893890377, -1.2852771711349487, -3.1321218216039415]
Control: [90, 90, 90, 90]

State: [0.8723464584350582, -1.2863288354873657, -3.134102224726854]
Control: [90, 90, 90, 90]

State: [0.8719709491729732, -1.2875613403320312, -3.136521393536314]
Control: [90, 90, 90, 90]

State: [0.8712206459045406, -1.288551731109619, -3.138687813247367]
Control: [90, 90, 90, 90]

State: [0.8704503154754635, -1.2898415756225585, -3.1409186248762095]
Control: [90, 90, 90, 90]

State: [0.8703206157684322, -1.29102472782135, 3.1400762605345576]
Control: [87, 93, 90, 90]

State: [0.8696153736114498, -1.2917498779296874, 3.138612077025819]
Control: [87, 93, 90, 90]

State: [0.8688073730468746, -1.2924853992462157, 3.139255514327709]
Control: [87, 93, 90, 90]

State: [0.8678114986419674, -1.2926896047592162, 3.1414349321975203]
Control: [90, 90, 90, 90]

State: [0.8669317340850826, -1.2925755214691161, -3.138409300724718]
Control: [90, 90, 90, 90]

State: [0.8669128990173336, -1.2923412752151489, -3.1358827223881236]
Control: [90, 90, 90, 90]

State: [0.8670809841156002, -1.2924241256713866, -3.1329632033388375]
Control: [90, 90, 90, 90]

State: [0.8673821067810055, -1.292703194618225, -3.1300944337291026]
Control: [90, 90, 90, 90]

State: [0.8674400424957271, -1.2931935024261474, -3.1275090828665832]
Control: [90, 90, 90, 90]

State: [0.8670988655090328, -1.293238444328308, -3.1247150140483524]
Control: [90, 90, 90, 90]

State: [0.8673430061340328, -1.2932836246490478, -3.1221075339345785]
Control: [90, 90, 90, 90]

State: [0.8679056739807125, -1.2935232353210449, -3.119447238391572]
Control: [90, 90, 90, 90]

State: [0.8673461055755611, -1.293806357383728, -3.116883855795312]
Control: [90, 90, 90, 90]

State: [0.8663445091247555, -1.2942451667785644, -3.1148936756205248]
Control: [90, 90, 90, 90]

State: [0.8652861690521236, -1.2947766017913818, -3.1126133076506304]
Control: [90, 90, 90, 90]

State: [0.8647082424163814, -1.295263214111328, -3.1104814884102887]
Control: [90, 90, 90, 90]

State: [0.8640902614593502, -1.295872254371643, -3.1082809739686965]
Control: [90, 90, 90, 90]

State: [0.8633249378204342, -1.2966905069351196, -3.1056977576594775]
Control: [90, 90, 90, 90]

State: [0.862650690078735, -1.2973986101150512, -3.1039696057615687]
Control: [90, 90, 90, 90]

State: [0.8626309013366695, -1.2986361217498779, -3.1018196809009067]
Control: [90, 90, 90, 90]

State: [0.862749395370483, -1.2999245357513427, -3.099786594388813]
Control: [90, 90, 90, 90]

State: [0.8629620647430416, -1.3009845447540282, -3.0978999290882516]
Control: [90, 90, 90, 90]

State: [0.8627405738830562, -1.3011912536621093, -3.0959882716036216]
Control: [90, 90, 90, 90]

State: [0.8627877807617184, -1.3015239667892455, -3.0941184792884013]
Control: [90, 90, 90, 90]

State: [0.8627079105377193, -1.301235122680664, -3.09228682982554]
Control: [90, 90, 90, 90]

State: [0.862981853485107, -1.300632758140564, -3.090262895849845]
Control: [90, 90, 90, 90]

State: [0.8627601242065426, -1.3004388046264648, -3.0882342882731924]
Control: [90, 90, 90, 90]

State: [0.8627613162994381, -1.3006742429733276, -3.0866571554733824]
Control: [90, 90, 90, 90]

State: [0.8623216724395748, -1.300351424217224, -3.084740813423409]
Control: [90, 90, 90, 90]

State: [0.8619282817840572, -1.30005793094635, -3.082764078954332]
Control: [90, 90, 90, 90]

State: [0.8617156124114986, -1.3001127672195434, -3.0809481419206888]
Control: [90, 90, 90, 90]

State: [0.8615859127044674, -1.3002804946899413, -3.0790045591243635]
Control: [90, 90, 90, 90]

State: [0.8614209270477291, -1.3009648752212524, -3.077240895311543]
Control: [90, 90, 90, 90]

State: [0.8610470867156979, -1.301342887878418, -3.0752407986277546]
Control: [90, 90, 90, 90]

State: [0.8607690906524654, -1.302136344909668, -3.07328867986642]
Control: [93, 87, 90, 90]

State: [0.8609710311889645, -1.3036145401000976, -3.0719775190496534]
Control: [93, 87, 90, 90]

State: [0.8613603687286373, -1.3048793506622314, -3.072755024024281]
Control: [93, 87, 90, 90]

State: [0.8610125160217281, -1.305776162147522, -3.07512908067232]
Control: [90, 90, 90, 90]

State: [0.8605046844482418, -1.3063180875778198, -3.078422741734063]
Control: [90, 90, 90, 90]

State: [0.8597856140136715, -1.3069374990463256, -3.0812925953919295]
Control: [90, 90, 90, 90]

State: [0.8594630336761471, -1.3076312971115112, -3.0839071245692264]
Control: [90, 90, 90, 90]

State: [0.8594327545166012, -1.3076608610153198, -3.0864879116775694]
Control: [90, 90, 90, 90]

State: [0.8589876270294186, -1.3069234323501586, -3.0889876516228107]
Control: [90, 90, 90, 90]

State: [0.8588085746765133, -1.3062674236297607, -3.0910908319129216]
Control: [90, 90, 90, 90]

State: [0.8587089157104488, -1.3055084180831908, -3.0929177218313524]
Control: [90, 90, 90, 90]

State: [0.8591392612457271, -1.30545823097229, -3.095033779871744]
Control: [90, 90, 90, 90]

State: [0.859535751342773, -1.3053334188461303, -3.0968518597269226]
Control: [90, 90, 90, 90]

State: [0.8601291751861568, -1.3056029510498046, -3.0983917626422346]
Control: [90, 90, 90, 90]

State: [0.8605776405334469, -1.305841965675354, -3.1006080791661486]
Control: [90, 90, 90, 90]

State: [0.8604002571105953, -1.3057353925704955, -3.1020660394414272]
Control: [90, 90, 90, 90]

State: [0.8609281158447262, -1.3056452703475951, -3.1033964762763864]
Control: [90, 90, 90, 90]

State: [0.8605805015563961, -1.3056937885284423, -3.104621422502653]
Control: [90, 90, 90, 90]

State: [0.8603616333007809, -1.3060583305358886, -3.1058486181891047]
Control: [90, 90, 90, 90]

State: [0.8598273372650143, -1.3063649368286132, -3.1068478265283073]
Control: [90, 90, 90, 90]

State: [0.8597019290924068, -1.3065160942077636, -3.1079031511764565]
Control: [90, 90, 90, 90]

State: [0.8595119094848629, -1.306548638343811, -3.1085545950544335]
Control: [90, 90, 90, 90]

State: [0.8592906570434566, -1.3066797685623168, -3.109127366049173]
Control: [90, 90, 90, 90]

State: [0.8590844249725338, -1.3065869045257568, -3.1100158636750406]
Control: [90, 90, 90, 90]

State: [0.8590634441375729, -1.3061317634582519, -3.1108425136839624]
Control: [90, 90, 90, 90]

State: [0.8600769615173336, -1.3053040933609008, -3.1118123180947395]
Control: [90, 90, 90, 90]

State: [0.8608520603179928, -1.304577989578247, -3.112726449359406]
Control: [90, 90, 90, 90]

State: [0.8618839359283443, -1.3036959600448608, -3.1137609325847793]
Control: [90, 90, 90, 90]

State: [0.8623006916046139, -1.3024833631515502, -3.1148246005065423]
Control: [90, 90, 90, 90]

State: [0.8629317855834957, -1.3012923431396484, -3.115730822128618]
Control: [90, 90, 90, 90]

State: [0.8636563396453854, -1.299785418510437, -3.116612778387765]
Control: [90, 90, 90, 90]

State: [0.864186105728149, -1.2983961534500121, -3.1176172069608223]
Control: [90, 90, 90, 90]

State: [0.8645003414154049, -1.2971557807922363, -3.1185020841557325]
Control: [90, 90, 90, 90]

State: [0.8644862747192379, -1.2961168718338012, -3.1191834188400334]
Control: [90, 90, 90, 90]

State: [0.8644946193695064, -1.2949802112579345, -3.1199632432469286]
Control: [90, 90, 90, 90]

State: [0.8644915199279781, -1.2940148544311523, -3.1208337385953206]
Control: [90, 90, 90, 90]

State: [0.864702520370483, -1.293093843460083, -3.1217627117235565]
Control: [90, 90, 90, 90]

State: [0.8650525188446041, -1.2927517127990722, -3.1225198856772036]
Control: [90, 90, 90, 90]

State: [0.8651581382751461, -1.2925737333297729, -3.1233582586380377]
Control: [90, 90, 90, 90]

State: [0.8656225776672359, -1.2920982074737548, -3.124237557911962]
Control: [90, 90, 90, 90]

State: [0.8659182167053219, -1.2919409704208373, -3.1246594407007553]
Control: [90, 90, 90, 90]

State: [0.867012319564819, -1.291976375579834, -3.1252105144528532]
Control: [90, 90, 90, 90]

State: [0.8675366020202633, -1.29183678150177, -3.1257591955594384]
Control: [90, 90, 90, 90]

State: [0.8679636096954342, -1.2908798885345458, -3.1262828147003203]
Control: [90, 90, 90, 90]

State: [0.8677640533447262, -1.2898952198028564, -3.1268935463917313]
Control: [90, 90, 90, 90]

State: [0.8680554008483883, -1.2881970834732055, -3.1274934134828256]
Control: [90, 90, 90, 90]

State: [0.8684681034088131, -1.2871727180480956, -3.128686272986547]
Control: [90, 90, 90, 90]

State: [0.8688459968566891, -1.2854837608337402, -3.129510716724375]
Control: [90, 90, 90, 90]

State: [0.8693614578247066, -1.2833865118026733, -3.130696760476634]
Control: [90, 90, 90, 90]

State: [0.8698659515380855, -1.2817719411849975, -3.131602474273523]
Control: [90, 90, 90, 90]

State: [0.8707552528381344, -1.280381245613098, -3.132258590007033]
Control: [90, 90, 90, 90]

State: [0.8720427131652828, -1.2791349124908447, -3.1331107529639572]
Control: [90, 90, 90, 90]

State: [0.8732805824279781, -1.2774507236480712, -3.133796542844248]
Control: [90, 90, 90, 90]

State: [0.8737745857238766, -1.2761031818389892, -3.1345253925661414]
Control: [90, 90, 90, 90]

State: [0.874374208450317, -1.275219841003418, -3.135172066208948]
Control: [90, 90, 90, 90]

State: [0.8749607181549068, -1.2744166088104247, -3.135595621903524]
Control: [90, 90, 90, 90]

State: [0.8755894279479977, -1.2734334897994994, -3.1362004159320804]
Control: [90, 90, 90, 90]

State: [0.8760417079925533, -1.2720185947418212, -3.1366589325306227]
Control: [90, 90, 90, 90]

State: [0.8758211708068844, -1.2707801294326782, -3.1368138118749838]
Control: [90, 90, 90, 90]

State: [0.8756049251556393, -1.2697440814971923, -3.1372870688554997]
Control: [90, 90, 90, 90]

State: [0.8761518573760982, -1.269067211151123, -3.137618150526996]
Control: [90, 90, 90, 90]

State: [0.876709995269775, -1.2682834100723266, -3.137993499405513]
Control: [90, 90, 90, 90]

State: [0.8772557353973385, -1.2670076322555541, -3.1383400820117218]
Control: [90, 90, 90, 90]

State: [0.8773303604125973, -1.2657508087158202, -3.138633188190306]
Control: [90, 90, 90, 90]

State: [0.8777182674407955, -1.2640209627151489, -3.1388780600857387]
Control: [90, 90, 90, 90]

State: [0.8786860084533687, -1.2623587083816528, -3.1392893705620804]
Control: [90, 90, 90, 90]

State: [0.8801100826263424, -1.2606040668487548, -3.13964793242935]
Control: [90, 90, 90, 90]

State: [0.8812456703186031, -1.2590086889266967, -3.1397796667098525]
Control: [90, 90, 90, 90]

State: [0.8818636512756344, -1.2576740217208862, -3.1400153481352744]
Control: [90, 90, 90, 90]

State: [0.8827469921112057, -1.2559380960464477, -3.1404408232366734]
Control: [90, 90, 90, 90]

State: [0.8834012126922604, -1.2538581323623657, -3.1410799989049374]
Control: [90, 90, 90, 90]

State: [0.8838296508789059, -1.2525086832046508, -3.1414128073060814]
Control: [90, 90, 90, 90]

State: [0.8836880302429195, -1.2509617042541503, 3.1413812948945212]
Control: [87, 93, 90, 90]

State: [0.8833263492584225, -1.2495186758041381, 3.141453565632454]
Control: [87, 93, 90, 90]

State: [0.8835549926757809, -1.248058123588562, -3.1396242733241784]
Control: [90, 90, 90, 90]

State: [0.8839092826843258, -1.247133536338806, -3.136373871995668]
Control: [90, 90, 90, 90]

State: [0.8842945671081539, -1.246306104660034, -3.1332198616594193]
Control: [90, 90, 90, 90]

State: [0.8844860172271725, -1.2458211612701415, -3.130176778390637]
Control: [90, 90, 90, 90]

State: [0.8848808383941646, -1.2449526023864745, -3.1274171247857043]
Control: [90, 90, 90, 90]

State: [0.8857517814636227, -1.244489116668701, -3.1246033406596925]
Control: [90, 90, 90, 90]

State: [0.8863843059539791, -1.2440871429443359, -3.121837869123563]
Control: [90, 90, 90, 90]

State: [0.8870003795623775, -1.2431172561645507, -3.1189767070525085]
Control: [90, 90, 90, 90]

State: [0.887090740203857, -1.2418878507614135, -3.1165529992932206]
Control: [90, 90, 90, 90]

State: [0.8873358345031734, -1.2399429512023925, -3.1141413134360265]
Control: [87, 87, 90, 90]

State: [0.8880551433563229, -1.2381456327438354, -3.1121797501972304]
Control: [87, 87, 90, 90]

State: [0.8887556171417232, -1.2368762922286987, -3.110331361710054]
Control: [87, 87, 90, 90]

State: [0.8892264938354488, -1.2362078857421874, -3.1083781122715046]
Control: [87, 87, 90, 90]

State: [0.8895431137084957, -1.2361584138870239, -3.1065874496991044]
Control: [87, 87, 90, 90]

State: [0.8898861980438229, -1.2365202140808105, -3.105057242929432]
Control: [90, 90, 90, 90]

State: [0.890691814422607, -1.2374571990966796, -3.1031330352124655]
Control: [90, 90, 90, 90]

State: [0.8914294815063473, -1.2386091184616088, -3.101507912985945]
Control: [90, 90, 90, 90]

State: [0.8919952487945553, -1.2398641538619994, -3.0995327096457856]
Control: [90, 90, 90, 90]

State: [0.8922298526763912, -1.2407364082336425, -3.0978117153068094]
Control: [90, 90, 90, 90]

State: [0.8925061798095699, -1.2420499753952026, -3.0960327512081185]
Control: [90, 90, 90, 90]

State: [0.8931060409545895, -1.2436793279647826, -3.094433587985642]
Control: [90, 90, 90, 90]

State: [0.8938301181793209, -1.2453254890441894, -3.092812403137696]
Control: [90, 90, 90, 90]

State: [0.893947658538818, -1.2469696235656738, -3.0910429789091576]
Control: [90, 90, 90, 90]

State: [0.8938141441345211, -1.2478841972351074, -3.0894700158403055]
Control: [90, 90, 90, 90]

State: [0.8935573673248287, -1.2488314342498779, -3.0877891317430275]
Control: [90, 90, 90, 90]

State: [0.8938096141815182, -1.2500341367721557, -3.0861833627771222]
Control: [90, 90, 90, 90]

State: [0.894029912948608, -1.2507301998138427, -3.0844894296817467]
Control: [90, 90, 90, 90]

State: [0.8942947959899898, -1.2511285972595214, -3.0829201359364724]
Control: [90, 90, 90, 90]

State: [0.894816217422485, -1.2512680721282958, -3.0811600979746996]
Control: [90, 90, 90, 90]

State: [0.8953657722473141, -1.2518123817443847, -3.0795180059517224]
Control: [90, 90, 90, 90]

State: [0.8961880779266354, -1.2523278427124023, -3.0778407663371166]
Control: [90, 90, 90, 90]

State: [0.8971794223785396, -1.2526387405395507, -3.076171072692826]
Control: [90, 90, 90, 90]

State: [0.898065385818481, -1.2527903747558593, -3.07458461476751]
Control: [93, 87, 90, 90]

State: [0.8987222290039059, -1.2531838846206664, -3.0733533331646905]
Control: [93, 87, 90, 90]

State: [0.8991981124877926, -1.2538031768798827, -3.0745372933075195]
Control: [93, 87, 90, 90]

State: [0.8996868705749508, -1.2544403505325317, -3.077106232593891]
Control: [90, 90, 90, 90]

State: [0.8999829864501949, -1.254861159324646, -3.0808489388001528]
Control: [90, 90, 90, 90]

State: [0.8996561145782467, -1.2553508710861205, -3.0841686012024354]
Control: [90, 90, 90, 90]

State: [0.8992984867095943, -1.2558694314956664, -3.0872443891619303]
Control: [90, 90, 90, 90]

State: [0.8988040065765377, -1.2564121913909911, -3.090046537578397]
Control: [90, 90, 90, 90]

State: [0.8989210700988766, -1.2575343084335326, -3.0930789373017715]
Control: [90, 90, 90, 90]

State: [0.899555978775024, -1.2588932943344116, -3.0961285548806208]
Control: [90, 90, 90, 90]

State: [0.899863538742065, -1.2600269746780395, -3.098835646988883]
Control: [90, 90, 90, 90]

State: [0.9001019573211666, -1.2610059213638305, -3.101495339142659]
Control: [90, 90, 90, 90]

State: [0.9002681350708004, -1.261596484184265, -3.1042265610023403]
Control: [90, 90, 90, 90]

State: [0.9009521579742428, -1.2621968221664428, -3.1067852705644112]
Control: [90, 90, 90, 90]

State: [0.9017761325836178, -1.2628387641906738, -3.10941881339992]
Control: [90, 90, 90, 90]

State: [0.9020877456665035, -1.2629927825927734, -3.111763122149064]
Control: [90, 90, 90, 90]

State: [0.9024766063690182, -1.262858076095581, -3.114470951334781]
Control: [90, 90, 90, 90]

State: [0.9024096107482906, -1.262609167098999, -3.1169170033621993]
Control: [90, 90, 90, 90]

State: [0.9028206443786617, -1.2622961235046386, -3.119343232328921]
Control: [90, 90, 90, 90]

State: [0.9030871963500973, -1.2618256044387817, -3.1216836016699423]
Control: [90, 90, 90, 90]

State: [0.9030776596069332, -1.2613823843002319, -3.1240728557451685]
Control: [90, 90, 90, 90]

State: [0.9033656692504879, -1.2611746025085449, -3.126338239553148]
Control: [90, 90, 90, 90]

State: [0.9033408737182613, -1.2612294387817382, -3.128713766423523]
Control: [90, 90, 90, 90]

State: [0.9035063362121578, -1.262010498046875, -3.1308618389724296]
Control: [90, 90, 90, 90]

State: [0.9036701297760006, -1.2625920009613036, -3.133172186563236]
Control: [90, 90, 90, 90]

State: [0.9035738086700436, -1.2630984020233154, -3.1354925879528266]
Control: [90, 90, 90, 90]

State: [0.9036079025268551, -1.2638055515289306, -3.1375658136309617]
Control: [90, 90, 90, 90]

State: [0.9039993858337398, -1.2647165489196777, -3.1398487214959303]
Control: [90, 90, 90, 90]

State: [0.9044237709045406, -1.2654823493957519, 3.1414454089025936]
Control: [87, 93, 90, 90]

State: [0.9046204662322994, -1.266268892288208, 3.1398468349760997]
Control: [87, 93, 90, 90]

State: [0.9042854881286617, -1.2666867208480834, 3.1406017258684193]
Control: [87, 93, 90, 90]

State: [0.9038181877136227, -1.266750259399414, -3.140374614143166]
Control: [90, 90, 90, 90]

