State: [-1.3538936996459965, 0.9075026082992553, 0.847370537813216]
Control: [100, 100, 80, 80]

State: [-1.3525633239746098, 0.9046371746063232, 0.8540824229599565]
Control: [100, 80, 80, 80]

State: [-1.3474301719665531, 0.9015671777725219, 0.8651093262469588]
Control: [100, 80, 80, 80]

State: [-1.3405074501037602, 0.902777509689331, 0.860309797156635]
Control: [100, 80, 80, 80]

State: [-1.334034862518311, 0.9054182338714599, 0.8476574174932994]
Control: [100, 80, 80, 80]

State: [-1.334034862518311, 0.9054182338714599, 0.8476574174932994]
Control: [100, 80, 80, 80]

State: [-1.334034862518311, 0.9054182338714599, 0.8476574174932994]
Control: [100, 80, 80, 80]

State: [-1.298437538146973, 0.930823163986206, 0.7239996781664161]
Control: [100, 80, 80, 80]

State: [-1.2853693389892582, 0.9419905710220337, 0.6627980014407728]
Control: [100, 80, 80, 80]

State: [-1.2698768997192387, 0.9522902536392212, 0.602602801389609]
Control: [100, 80, 80, 80]

State: [-1.2540044212341313, 0.9623232650756836, 0.5375472384282973]
Control: [99, 80, 80, 80]

State: [-1.2373256111145023, 0.970517234802246, 0.4749269965825659]
Control: [96, 80, 80, 80]

State: [-1.2223867797851566, 0.9786012935638427, 0.4161907316162432]
Control: [95, 80, 80, 80]

State: [-1.200546207427979, 0.9929755496978759, 0.3252322732978115]
Control: [90, 80, 80, 80]

State: [-1.1814035797119145, 1.003596978187561, 0.25581850244224985]
Control: [87, 80, 80, 80]

State: [-1.1622518920898441, 1.0155568885803223, 0.18193777569148412]
Control: [87, 80, 80, 80]

State: [-1.1404599571228031, 1.029515700340271, 0.11132823081909343]
Control: [87, 80, 80, 80]

State: [-1.1170510673522953, 1.0426631736755372, 0.04866568339720034]
Control: [83, 80, 80, 80]

State: [-1.0929359817504887, 1.0562145280838013, -0.017088115323758684]
Control: [80, 80, 80, 80]

State: [-1.0681762123107914, 1.0701478290557862, -0.07420967928068618]
Control: [80, 80, 80, 80]

State: [-1.0420331382751469, 1.0861161518096925, -0.13460193522219094]
Control: [80, 80, 80, 80]

State: [-1.014464321136475, 1.1023244428634644, -0.18585973112269213]
Control: [80, 80, 80, 80]

State: [-0.9857892417907719, 1.1185276079177857, -0.23129107267413537]
Control: [80, 80, 80, 80]

State: [-0.9565815353393559, 1.1344685125350953, -0.2704066281590047]
Control: [80, 80, 80, 80]

State: [-0.9256457710266117, 1.1522849369049073, -0.30991346987152374]
Control: [80, 80, 80, 80]

State: [-0.8941654586791996, 1.1716210412979127, -0.34689826586163125]
Control: [80, 80, 80, 80]

State: [-0.8654074096679691, 1.1879856157302857, -0.36781266360957693]
Control: [80, 80, 80, 80]

State: [-0.8304180526733402, 1.207900004386902, -0.38887464487479956]
Control: [80, 80, 80, 80]

State: [-0.7961725616455082, 1.227149682044983, -0.41161417167054604]
Control: [80, 80, 80, 80]

State: [-0.7634734535217289, 1.2452238368988038, -0.43297814668631207]
Control: [80, 80, 80, 80]

State: [-0.7281121635437016, 1.2626918125152589, -0.45275231454307296]
Control: [80, 80, 80, 80]

State: [-0.6925796890258793, 1.278844075202942, -0.4694549303891148]
Control: [80, 80, 80, 80]

State: [-0.6547541046142582, 1.2949096727371217, -0.48353451980002476]
Control: [80, 80, 80, 80]

State: [-0.6152252578735355, 1.309899287223816, -0.49729914338192094]
Control: [80, 80, 80, 80]

State: [-0.5720629119873051, 1.3240164089202882, -0.511007721252966]
Control: [80, 80, 80, 80]

State: [-0.5304006958007816, 1.336008505821228, -0.5221404742383973]
Control: [80, 80, 80, 80]

State: [-0.4884509468078617, 1.3458679485321046, -0.5230724668591706]
Control: [80, 80, 80, 80]

State: [-0.44585031509399453, 1.3524950313568116, -0.5231723912410888]
Control: [80, 80, 80, 80]

State: [-0.4009370231628422, 1.3581469821929932, -0.523272469718816]
Control: [80, 80, 80, 80]

State: [-0.35631793975830117, 1.363011794090271, -0.5235917737876625]
Control: [80, 80, 80, 80]

State: [-0.31371253967285195, 1.3683759737014771, -0.5238260265807835]
Control: [80, 80, 80, 80]

State: [-0.2666320228576664, 1.3737220335006715, -0.524141134191238]
Control: [80, 80, 80, 80]

State: [-0.21917242050170938, 1.3798058795928956, -0.5248938051184721]
Control: [80, 80, 80, 80]

State: [-0.17452663421630898, 1.3855953979492188, -0.5251826148876075]
Control: [80, 80, 80, 80]

State: [-0.12775701522827188, 1.3925280141830445, -0.5254144213299448]
Control: [80, 80, 80, 80]

State: [-0.08102125167846719, 1.3998783397674561, -0.5259941306692347]
Control: [80, 80, 80, 80]

State: [-0.03602785110473672, 1.4063943195343018, -0.5321396744546943]
Control: [80, 80, 80, 80]

State: [0.009241161346435156, 1.4135015773773194, -0.5432768806223548]
Control: [80, 80, 80, 80]

State: [0.05393320083618125, 1.4207151699066163, -0.5597691597762063]
Control: [80, 80, 80, 80]

State: [0.09609561920165977, 1.4278103876113892, -0.5753431818843618]
Control: [80, 80, 80, 80]

State: [0.14491802215576133, 1.4370410013198853, -0.597370969201883]
Control: [80, 80, 81, 81]

State: [0.19119077682495078, 1.4423687028884888, -0.6130597648455981]
Control: [80, 80, 81, 81]

State: [0.2380238151550289, 1.4474236536026002, -0.6279570647557003]
Control: [80, 80, 82, 82]

State: [0.28406625747680625, 1.451596932411194, -0.6449003783516427]
Control: [80, 80, 82, 82]

State: [0.3288708305358883, 1.4559784698486329, -0.6638273423917761]
Control: [80, 80, 83, 83]

State: [0.37446266174316367, 1.4591910409927369, -0.6830568250267887]
Control: [80, 80, 83, 83]

State: [0.41621070861816367, 1.4618643093109132, -0.7000934234794991]
Control: [80, 80, 83, 83]

State: [0.46458965301513633, 1.466585831642151, -0.7241787199297197]
Control: [80, 80, 84, 84]

State: [0.5082069015502926, 1.4715812969207764, -0.7466223104459068]
Control: [80, 80, 84, 84]

State: [0.5508552169799801, 1.4776826667785645, -0.768414691953599]
Control: [80, 80, 85, 85]

State: [0.5924077606201168, 1.4833948183059693, -0.78620165884809]
Control: [80, 80, 85, 85]

State: [0.6332333660125729, 1.4913144874572755, -0.7965979375337126]
Control: [80, 80, 85, 85]

State: [0.6748765087127682, 1.49902756690979, -0.8050708506471088]
Control: [80, 80, 85, 85]

State: [0.7154937362670895, 1.5077909994125367, -0.8134831930987196]
Control: [80, 80, 86, 86]

State: [0.7556212520599361, 1.5166872310638428, -0.824294743519904]
Control: [80, 80, 86, 86]

State: [0.7934220409393307, 1.5263201761245728, -0.8336493509618753]
Control: [80, 80, 86, 86]

State: [0.8330467319488521, 1.5390612649917603, -0.8457254070167662]
Control: [80, 80, 86, 86]

State: [0.8735600090026852, 1.5524076986312867, -0.8584586449429857]
Control: [80, 80, 87, 87]

State: [0.9128625965118404, 1.5659304428100587, -0.8709288053630241]
Control: [80, 80, 87, 87]

State: [0.9523656940460201, 1.5789198446273804, -0.8816283176363525]
Control: [80, 80, 87, 87]

State: [0.9931138134002682, 1.5935785341262818, -0.8931976192420653]
Control: [80, 80, 87, 87]

State: [1.0342293357849117, 1.6090188789367676, -0.9039307117405163]
Control: [80, 80, 87, 87]

State: [1.0737138366699215, 1.6237240600585938, -0.9146385328653437]
Control: [80, 80, 87, 87]

State: [1.1168158626556393, 1.639454917907715, -0.9252732605784473]
Control: [80, 80, 87, 87]

State: [1.1602366542816158, 1.6561730670928956, -0.9349205580240803]
Control: [80, 80, 87, 87]

State: [1.1955752944946285, 1.6695107984542847, -0.9427977509624076]
Control: [80, 80, 87, 87]

State: [1.2446542358398434, 1.6889993715286256, -0.9523822190911874]
Control: [80, 80, 87, 87]

State: [1.2871397113800045, 1.7060064840316773, -0.9607488477004917]
Control: [80, 80, 87, 87]

State: [1.3295882320404049, 1.7228526639938355, -0.9678785067637128]
Control: [81, 80, 87, 87]

State: [1.3722746944427486, 1.7418846654891968, -0.9748199063735151]
Control: [81, 80, 87, 87]

State: [1.413953123092651, 1.7609080839157105, -0.9829174514279626]
Control: [81, 80, 87, 87]

State: [1.4549210643768307, 1.779881911277771, -0.9903001887797073]
Control: [82, 80, 87, 87]

State: [1.4959486103057857, 1.7999589014053345, -0.9985553770804251]
Control: [81, 80, 87, 87]

