State: [1.5355148887634273, 1.8190526533126832, -1.007191073555009]
Control: [59, 173, 62, 62]

State: [1.5756662464141842, 1.836190061569214, -1.0045442950223136]
Control: [110, 122, 63, 63]

State: [1.6214786148071285, 1.8418744373321534, -0.9663620978280673]
Control: [113, 123, 65, 65]

State: [1.6759615516662594, 1.8262598085403443, -0.9255159511572899]
Control: [114, 124, 67, 67]

State: [1.7069130516052242, 1.7960942554473878, -0.8833512511624299]
Control: [115, 125, 70, 70]

State: [1.7249804115295406, 1.7549775409698487, -0.8519178555834878]
Control: [115, 125, 72, 72]

State: [1.7309873676300045, 1.7070551681518555, -0.8192395762619056]
Control: [115, 125, 74, 74]

State: [1.729786691665649, 1.643305974006653, -0.7708286088526243]
Control: [115, 123, 77, 77]

State: [1.7176139926910396, 1.580512957572937, -0.7094441540197037]
Control: [114, 122, 80, 80]

State: [1.6988773918151852, 1.5154217052459718, -0.6393527631384004]
Control: [114, 122, 82, 82]

State: [1.6762505149841305, 1.446050124168396, -0.5644345683114925]
Control: [113, 119, 85, 85]

State: [1.6511118984222408, 1.3744289445877076, -0.4928289251615844]
Control: [112, 118, 87, 87]

State: [1.6223431205749508, 1.2999376821517945, -0.42133691882758856]
Control: [110, 116, 91, 91]

State: [1.5941207981109615, 1.2249657678604127, -0.3517605116938982]
Control: [109, 113, 92, 92]

State: [1.5692153549194332, 1.1520443725585938, -0.2861602490341874]
Control: [107, 111, 94, 94]

State: [1.546965417861938, 1.0784174966812134, -0.22230089777971188]
Control: [104, 108, 95, 95]

State: [1.52568489074707, 1.0055162477493287, -0.16135170958879597]
Control: [103, 105, 96, 96]

State: [1.504644451141357, 0.932720022201538, -0.10233018981610531]
Control: [101, 103, 97, 97]

State: [1.4859986877441402, 0.8674536514282226, -0.05391652413729839]
Control: [99, 101, 97, 97]

State: [1.4696982479095455, 0.8061847257614135, -0.009614537972644728]
Control: [97, 99, 98, 98]

State: [1.4522638893127437, 0.7481777238845825, 0.03204659696219882]
Control: [97, 95, 98, 98]

State: [1.4356031990051266, 0.6939074563980102, 0.07163420157125196]
Control: [95, 93, 98, 98]

State: [1.4189444160461422, 0.6466893124580383, 0.10506638589569144]
Control: [93, 91, 97, 97]

State: [1.4007258987426754, 0.5991099047660827, 0.13530147811786633]
Control: [92, 90, 97, 97]

State: [1.3812823867797848, 0.5558970141410827, 0.16265822385115372]
Control: [89, 87, 97, 97]

State: [1.3617840385437008, 0.5166976618766784, 0.18605318623797903]
Control: [88, 86, 96, 96]

State: [1.3404169654846187, 0.47942300319671627, 0.20882156232764393]
Control: [88, 84, 96, 96]

State: [1.3207638835906979, 0.44601060628890987, 0.2289445480296618]
Control: [87, 83, 95, 95]

State: [1.299026069641113, 0.41114433288574215, 0.25027757939559836]
Control: [86, 82, 95, 95]

State: [1.2828417396545406, 0.3876165914535522, 0.26309030448008475]
Control: [85, 81, 95, 95]

State: [1.268722591400146, 0.36888309001922603, 0.27228943052430105]
Control: [84, 80, 94, 94]

State: [1.2344358539581295, 0.3303823637962341, 0.28805829692512935]
Control: [83, 79, 93, 93]

State: [1.2125242328643795, 0.3114463853836059, 0.29258436280199557]
Control: [82, 78, 93, 93]

State: [1.1897154426574703, 0.29676617860794063, 0.2943645264358084]
Control: [82, 78, 93, 93]

State: [1.1637194728851314, 0.2845153975486755, 0.29183255980794154]
Control: [81, 77, 92, 92]

State: [1.1407325839996334, 0.2753268945217132, 0.2933703601106718]
Control: [80, 76, 92, 92]

State: [1.1173675632476803, 0.2692234683036804, 0.28549367402133635]
Control: [80, 76, 92, 92]

State: [1.0953760719299312, 0.263002233505249, 0.2788240162850444]
Control: [80, 76, 92, 92]

State: [1.0737405395507809, 0.258454041481018, 0.2704605071249174]
Control: [79, 75, 92, 92]

State: [1.051927623748779, 0.2577826845645904, 0.2509062141565615]
Control: [79, 75, 92, 92]

State: [1.0299475765228268, 0.2620072531700134, 0.22762665238775273]
Control: [79, 75, 92, 92]

State: [1.0070727443695064, 0.27063460826873775, 0.1995597443572882]
Control: [78, 76, 92, 92]

State: [0.9864996051788326, 0.2836725282669067, 0.16981825531849895]
Control: [78, 76, 92, 92]

State: [0.9656367874145504, 0.30065258026123043, 0.1381008180488695]
Control: [78, 76, 93, 93]

State: [0.9454453563690182, 0.3216300773620605, 0.10497078145107487]
Control: [78, 76, 93, 93]

State: [0.9258909797668453, 0.342774646282196, 0.07722557251428952]
Control: [78, 76, 93, 93]

State: [0.907051382064819, 0.36713309764862057, 0.04914561217703181]
Control: [78, 76, 94, 94]

State: [0.8894694423675533, 0.39477844715118404, 0.019149712113999687]
Control: [79, 77, 94, 94]

State: [0.87324028968811, 0.42322929382324215, -0.010011038179272675]
Control: [77, 79, 95, 95]

State: [0.8567658042907711, 0.4557387995719909, -0.04170101091697597]
Control: [78, 80, 95, 95]

State: [0.8418524837493893, 0.4875872898101806, -0.067677302993514]
Control: [78, 80, 95, 95]

State: [0.8274183845520016, 0.5219144988059997, -0.09166298610987482]
Control: [79, 81, 96, 96]

State: [0.8125942325592037, 0.5572554636001587, -0.11364515536554859]
Control: [79, 81, 96, 96]

State: [0.7976711368560787, 0.5927908587455749, -0.13362313600594075]
Control: [80, 82, 96, 96]

State: [0.7833774662017818, 0.6290076541900634, -0.1516262116646989]
Control: [81, 83, 96, 96]

State: [0.7699692821502682, 0.6642300057411193, -0.1675159468604376]
Control: [81, 83, 97, 97]

State: [0.7562270736694332, 0.7004122304916381, -0.18313537816531741]
Control: [82, 84, 97, 97]

State: [0.7428761100769039, 0.7351234126091003, -0.19741575171214418]
Control: [82, 84, 97, 97]

State: [0.7292922115325924, 0.7690875697135925, -0.2100185304005077]
Control: [82, 86, 97, 97]

State: [0.7159073925018307, 0.8020287919044494, -0.22121754896103316]
Control: [83, 87, 97, 97]

State: [0.7038739299774166, 0.8321930932998657, -0.22892496825131717]
Control: [83, 87, 97, 97]

State: [0.690435466766357, 0.864075379371643, -0.23626804405105617]
Control: [84, 88, 98, 98]

State: [0.6783702945709225, 0.8930418062210083, -0.24131742835209583]
Control: [84, 88, 98, 98]

State: [0.6650908565521236, 0.9201750326156616, -0.24430385036420715]
Control: [85, 89, 98, 98]

State: [0.6507282829284664, 0.9465324449539184, -0.24696337022592876]
Control: [85, 89, 98, 98]

State: [0.6351695632934566, 0.9711184072494506, -0.24949304833142066]
Control: [85, 89, 98, 98]

State: [0.6189704513549801, 0.9948900508880615, -0.25132716062480354]
Control: [86, 90, 98, 98]

State: [0.6013343906402584, 1.0182559061050416, -0.25381522681611784]
Control: [86, 90, 98, 98]

State: [0.5840936279296871, 1.0396418142318726, -0.2552828310348267]
Control: [87, 91, 98, 98]

State: [0.564705190658569, 1.0621193218231202, -0.2588094915606675]
Control: [87, 91, 98, 98]

State: [0.5447302436828609, 1.0822391080856324, -0.26198536415599216]
Control: [87, 91, 98, 98]

State: [0.5231385803222652, 1.1032874155044556, -0.26362489012655643]
Control: [89, 93, 98, 98]

State: [0.501158294677734, 1.1229491996765137, -0.2637812739513001]
Control: [89, 93, 98, 98]

State: [0.48043209075927695, 1.1399439144134522, -0.2626690567651807]
Control: [89, 93, 98, 98]

State: [0.4561958885192867, 1.1588226127624512, -0.2605643315111757]
Control: [90, 94, 98, 98]

State: [0.43207508087158164, 1.1763723659515382, -0.2568169031352996]
Control: [90, 94, 98, 98]

State: [0.4087071990966793, 1.1922982501983643, -0.2520177239975319]
Control: [90, 94, 98, 98]

State: [0.385501441955566, 1.2050345706939698, -0.24637800469228138]
Control: [90, 94, 98, 98]

State: [0.3569174385070797, 1.2196814584732056, -0.23745803712726563]
Control: [91, 95, 98, 98]

State: [0.3313904380798336, 1.2310276794433594, -0.22905862868141622]
Control: [91, 95, 98, 98]

State: [0.3045206642150875, 1.2418260145187379, -0.21702306475197325]
Control: [91, 95, 97, 97]

State: [0.2788076972961422, 1.2509558963775635, -0.20383460336874787]
Control: [91, 95, 97, 97]

State: [0.254789886474609, 1.258154230117798, -0.1897106448049031]
Control: [92, 94, 97, 97]

State: [0.22903257369995078, 1.2651714849472047, -0.17346541883175776]
Control: [92, 94, 97, 97]

State: [0.20418363571166953, 1.2709792423248292, -0.15673321429942083]
Control: [92, 94, 97, 97]

State: [0.17841440200805625, 1.2754283714294434, -0.14167886680288164]
Control: [92, 94, 97, 97]

State: [0.15407329559326133, 1.2789560127258301, -0.12613344131070459]
Control: [92, 94, 97, 97]

State: [0.1271815872192379, 1.2818451690673829, -0.10969594374718791]
Control: [92, 94, 97, 97]

State: [0.09960084915161094, 1.2845903205871583, -0.09168647203134113]
Control: [92, 94, 97, 97]

State: [0.07482582092285117, 1.2864164876937867, -0.07521570029566788]
Control: [92, 94, 97, 97]

State: [0.04679780960082969, 1.288173394203186, -0.05538105464156639]
Control: [92, 94, 97, 97]

State: [0.020342884063720312, 1.2898902463912965, -0.03661914865859899]
Control: [92, 94, 97, 97]

State: [-0.007204952239990625, 1.2910228538513184, -0.015623989771228277]
Control: [92, 94, 97, 97]

State: [-0.03330558776855508, 1.2916162776947022, 0.005340065650603206]
Control: [94, 92, 97, 97]

State: [-0.05670827865600625, 1.2919050025939942, 0.02562710250153658]
Control: [94, 92, 97, 97]

State: [-0.08134645462036172, 1.2918000984191895, 0.0452498913724737]
Control: [95, 93, 97, 97]

State: [-0.10619157791137734, 1.2901188898086549, 0.0653127416381833]
Control: [95, 93, 97, 97]

State: [-0.13091558456420938, 1.285536723136902, 0.08415732341719778]
Control: [94, 92, 97, 97]

State: [-0.15459627151489297, 1.2811560201644898, 0.10066340749215824]
Control: [94, 92, 97, 97]

State: [-0.1775035285949711, 1.275913076400757, 0.1156436929708213]
Control: [94, 92, 97, 97]

State: [-0.2003011131286625, 1.2717206048965455, 0.12799518723800363]
Control: [95, 93, 98, 98]

State: [-0.22340053558349648, 1.2668417263031007, 0.13959158959298307]
Control: [95, 93, 98, 98]

State: [-0.24490541458129922, 1.261012749671936, 0.14822478029115635]
Control: [95, 93, 98, 98]

State: [-0.27145999908447305, 1.2534325885772706, 0.15524441236818826]
Control: [95, 93, 98, 98]

State: [-0.296932640075684, 1.2447574901580811, 0.16128505699908435]
Control: [95, 93, 97, 97]

State: [-0.32288068771362344, 1.2367199230194093, 0.1612193174178547]
Control: [95, 93, 97, 97]

State: [-0.3502950096130375, 1.2268486785888673, 0.15874300640846253]
Control: [95, 93, 97, 97]

State: [-0.37738365173339883, 1.2170041370391846, 0.15543541023266869]
Control: [95, 93, 97, 97]

State: [-0.40329641342163125, 1.2074538040161134, 0.1513560683321421]
Control: [95, 93, 97, 97]

State: [-0.4303149604797367, 1.1972151565551759, 0.14604270422184437]
Control: [95, 93, 97, 97]

State: [-0.4563097381591801, 1.1878164577484132, 0.14028311807970512]
Control: [95, 93, 97, 97]

State: [-0.4781774902343754, 1.1788689661026002, 0.13411206340532397]
Control: [96, 94, 97, 97]

State: [-0.5074400329589848, 1.167324857711792, 0.1270651489817453]
Control: [96, 94, 96, 96]

State: [-0.5346307182312016, 1.1544551420211793, 0.11921486374349866]
Control: [96, 94, 96, 96]

State: [-0.5598186874389652, 1.1429115104675294, 0.11194777292847231]
Control: [96, 94, 96, 96]

State: [-0.5858339691162113, 1.1291033792495728, 0.10370003382450309]
Control: [96, 94, 96, 96]

State: [-0.6115130805969242, 1.1157033014297486, 0.09373596840317563]
Control: [96, 94, 96, 96]

State: [-0.6359128379821781, 1.1022057104110718, 0.08375225574459885]
Control: [96, 94, 95, 95]

State: [-0.6584176445007328, 1.0881207752227784, 0.07410207765337065]
Control: [97, 95, 95, 95]

State: [-0.6846966171264652, 1.0710997152328492, 0.06166362386895784]
Control: [97, 95, 95, 95]

State: [-0.7077559852600102, 1.054664330482483, 0.04977068563382877]
Control: [97, 95, 95, 95]

State: [-0.7297582054138188, 1.0388614702224732, 0.0384077749088804]
Control: [97, 95, 95, 95]

State: [-0.7545332336425785, 1.0199248361587525, 0.023151430345251973]
Control: [97, 95, 94, 94]

State: [-0.7764419937133793, 1.0025319623947144, 0.008647935774640597]
Control: [97, 95, 94, 94]

State: [-0.7960671806335453, 0.9864404964447021, -0.00481818538668229]
Control: [95, 97, 94, 94]

State: [-0.820593299865723, 0.9662630128860473, -0.021879451452785827]
Control: [95, 97, 94, 94]

State: [-0.8437446975708012, 0.9474774169921875, -0.03460126824811594]
Control: [95, 97, 93, 93]

State: [-0.8652648353576664, 0.9302882719039917, -0.04399142105739789]
Control: [95, 97, 93, 93]

State: [-0.8859552764892582, 0.9138359594345092, -0.05106153505893548]
Control: [95, 97, 93, 93]

State: [-0.9079288864135746, 0.8960619735717773, -0.056622217778826416]
Control: [95, 97, 93, 93]

State: [-0.9294566535949711, 0.8782650995254516, -0.059927144126630805]
Control: [96, 98, 93, 93]

State: [-0.9483432197570805, 0.8613987731933593, -0.06120224579777057]
Control: [96, 98, 92, 92]

State: [-0.9667534255981449, 0.8434046077728271, -0.05864394770602486]
Control: [96, 98, 92, 92]

State: [-0.9840802574157719, 0.8236079382896423, -0.05286885767110744]
Control: [96, 98, 92, 92]

State: [-1.0020923042297367, 0.8002234268188476, -0.0413852742746993]
Control: [96, 98, 92, 92]

State: [-1.0170411491394047, 0.7780906128883361, -0.02953848139101514]
Control: [96, 98, 92, 92]

State: [-1.0316399955749516, 0.7554724979400634, -0.015606755064483302]
Control: [96, 98, 92, 92]

State: [-1.044178905487061, 0.7326973843574524, -0.001283461307453665]
Control: [98, 96, 92, 92]

State: [-1.0572599792480473, 0.7086468505859375, 0.015028944498024879]
Control: [98, 96, 92, 92]

State: [-1.0686873817443852, 0.6856295037269592, 0.02839378119702707]
Control: [98, 96, 92, 92]

State: [-1.0800861740112309, 0.661367015838623, 0.03975193383059451]
Control: [97, 95, 92, 92]

State: [-1.0918206596374516, 0.6352924275398254, 0.04927890506939921]
Control: [97, 95, 92, 92]

State: [-1.1025223159790043, 0.6109571623802185, 0.05773285463332261]
Control: [97, 95, 92, 92]

State: [-1.1133984947204594, 0.5850455927848816, 0.06438478075844645]
Control: [97, 95, 92, 92]

State: [-1.1232370758056645, 0.5595237183570861, 0.06860359136543806]
Control: [97, 95, 92, 92]

State: [-1.1324576759338383, 0.5334991979598999, 0.07096597562700234]
Control: [97, 95, 92, 92]

State: [-1.1413578414916996, 0.5069114732742309, 0.07129458868706244]
Control: [97, 95, 92, 92]

State: [-1.1502589607238773, 0.4789107012748718, 0.07017898222203928]
Control: [97, 95, 92, 92]

State: [-1.1586231613159184, 0.45227278947830196, 0.06851806398324072]
Control: [97, 95, 91, 91]

State: [-1.1656283760070805, 0.42618026018142696, 0.06627374088320889]
Control: [97, 95, 91, 91]

State: [-1.1715726280212406, 0.399939911365509, 0.06320442624297305]
Control: [97, 95, 91, 91]

State: [-1.1765660667419438, 0.3732563424110412, 0.059319571172144085]
Control: [97, 95, 91, 91]

State: [-1.1804909133911137, 0.34733011007308956, 0.05479171047954808]
Control: [97, 95, 91, 91]

State: [-1.1850327873229984, 0.32137222766876217, 0.0491357628099666]
Control: [97, 95, 91, 91]

State: [-1.1886004829406742, 0.2944100666046142, 0.04282389023286649]
Control: [97, 95, 91, 91]

State: [-1.1923550987243656, 0.2669309246540069, 0.03526629759310345]
Control: [97, 95, 91, 91]

State: [-1.1955565834045414, 0.23933156013488768, 0.026804976203791207]
Control: [97, 95, 91, 91]

State: [-1.198895874023438, 0.2109172511100769, 0.01693105675265862]
Control: [97, 95, 91, 91]

State: [-1.2007088088989262, 0.18515782237052916, 0.008838652349624727]
Control: [97, 95, 89, 89]

State: [-1.2027034187316898, 0.1561885643005371, -0.0017810738189272541]
Control: [95, 97, 89, 89]

State: [-1.20472282409668, 0.12727640748023986, -0.012158068382389274]
Control: [94, 96, 89, 89]

State: [-1.207135620117188, 0.09833370327949523, -0.020990758101685887]
Control: [94, 96, 89, 89]

State: [-1.2098116302490238, 0.06989488184452056, -0.027615751406939563]
Control: [94, 96, 89, 89]

State: [-1.2121490859985355, 0.04387958526611327, -0.0313965561492846]
Control: [94, 96, 89, 89]

State: [-1.2155126953125004, 0.015701578855514514, -0.034570174646846974]
Control: [94, 96, 89, 89]

State: [-1.2179445648193363, -0.010388745069503796, -0.03634336734188893]
Control: [94, 96, 88, 88]

State: [-1.2205395126342777, -0.035158125758171094, -0.034777413220621015]
Control: [94, 96, 88, 88]

State: [-1.222847881317139, -0.05973373919725419, -0.03254962808204636]
Control: [94, 96, 88, 88]

State: [-1.224664630889893, -0.08497017443180085, -0.02760394876653047]
Control: [94, 96, 88, 88]

State: [-1.225629272460938, -0.1093790438771248, -0.02075120336140135]
Control: [94, 96, 88, 88]

State: [-1.2258977317810063, -0.1357672680914402, -0.008235182550806554]
Control: [94, 96, 88, 88]

State: [-1.2258543395996098, -0.1614564657956362, 0.003396453477175391]
Control: [96, 94, 88, 88]

State: [-1.2255033874511723, -0.1726796702295542, 0.008098736600526797]
Control: [96, 94, 88, 88]

State: [-1.225079956054688, -0.20968539834022523, 0.025021561506590854]
Control: [96, 94, 88, 88]

State: [-1.2246755981445316, -0.24043056190013887, 0.035487392231676906]
Control: [96, 94, 87, 87]

State: [-1.2240228080749516, -0.2684587520360947, 0.043276846481130685]
Control: [96, 94, 87, 87]

State: [-1.2226142311096195, -0.2958514821529389, 0.05101109960295002]
Control: [96, 94, 87, 87]

State: [-1.220359268188477, -0.32187433362007145, 0.0564127074741301]
Control: [96, 94, 87, 87]

State: [-1.2182082557678227, -0.3439543825387955, 0.05892732358871214]
Control: [96, 94, 87, 87]

State: [-1.2155713462829594, -0.37337150990962986, 0.05914911120146908]
Control: [95, 93, 87, 87]

State: [-1.2130169296264652, -0.3973884862661362, 0.058696812088208275]
Control: [95, 93, 86, 86]

State: [-1.2115353965759281, -0.4205353689193726, 0.055426709133896274]
Control: [95, 93, 86, 86]

State: [-1.2093996429443363, -0.44399545907974247, 0.04965092853276324]
Control: [95, 93, 86, 86]

State: [-1.2080950164794926, -0.4654483032226563, 0.044602476585657976]
Control: [95, 93, 86, 86]

State: [-1.204126300811768, -0.4903372955322266, 0.03590400396181402]
Control: [95, 93, 86, 86]

State: [-1.2000789070129398, -0.5132752192020417, 0.028321488813980306]
Control: [95, 93, 85, 85]

State: [-1.195351543426514, -0.5350228083133698, 0.022071397814228514]
Control: [95, 93, 85, 85]

State: [-1.1896781349182133, -0.5578136277198792, 0.014568848039172116]
Control: [95, 93, 85, 85]

State: [-1.183546009063721, -0.5787117314338684, 0.007237689269650258]
Control: [95, 93, 85, 85]

State: [-1.1757916831970219, -0.5988402497768402, -0.0001880518179576583]
Control: [93, 95, 85, 85]

State: [-1.1673697853088383, -0.6196852159500122, -0.00763244899308875]
Control: [93, 95, 84, 84]

State: [-1.1583051109313969, -0.6392952632904053, -0.013788205347985073]
Control: [93, 95, 84, 84]

State: [-1.1477918052673344, -0.6587787997722626, -0.017117862528652616]
Control: [93, 95, 84, 84]

State: [-1.1372260475158695, -0.6785294246673584, -0.022080635039302066]
Control: [92, 94, 84, 84]

State: [-1.1258468055725102, -0.6976835560798645, -0.0255248508324682]
Control: [92, 94, 84, 84]

State: [-1.1142243766784672, -0.7166415286064148, -0.03017290326061347]
Control: [92, 94, 84, 84]

State: [-1.1024546051025395, -0.7333336901664734, -0.03431965167528043]
Control: [92, 94, 84, 84]

State: [-1.0880431556701664, -0.7531286907196045, -0.03709728972249276]
Control: [92, 94, 83, 83]

State: [-1.0745381736755375, -0.7697903347015381, -0.037048264136587725]
Control: [92, 94, 83, 83]

State: [-1.0606893920898441, -0.7861288022994996, -0.03921126102863574]
Control: [92, 94, 83, 83]

State: [-1.0456008338928227, -0.8009916377067566, -0.03885002906256047]
Control: [92, 94, 83, 83]

State: [-1.0308808708190922, -0.8161194157600403, -0.040502711325242705]
Control: [92, 94, 83, 83]

State: [-1.0158113861083988, -0.8296776843070984, -0.040476931893627596]
Control: [92, 94, 83, 83]

State: [-0.9989442253112797, -0.8433770966529847, -0.041806235996350395]
Control: [92, 94, 83, 83]

State: [-0.9811190986633305, -0.8561920356750489, -0.04178205527212115]
Control: [92, 94, 83, 83]

State: [-0.9610275650024418, -0.8677918148040772, -0.03972637967330186]
Control: [92, 94, 83, 83]

State: [-0.939489784240723, -0.879401547908783, -0.03590150036683888]
Control: [92, 94, 83, 83]

State: [-0.9180201911926273, -0.8907041382789612, -0.03094485464340699]
Control: [92, 94, 83, 83]

State: [-0.8974589729309086, -0.9002457690238953, -0.025493778675403665]
Control: [92, 94, 83, 83]

State: [-0.8729934120178227, -0.9117569756507874, -0.016588946184440956]
Control: [92, 94, 83, 83]

State: [-0.8481549644470219, -0.9216163587570191, -0.008594860608784461]
Control: [93, 95, 83, 83]

State: [-0.8241648101806645, -0.9317756724357605, 0.001340531667987599]
Control: [95, 93, 83, 83]

State: [-0.7974285507202152, -0.943612916469574, 0.011349964959229504]
Control: [95, 93, 83, 83]

State: [-0.7725753211975102, -0.9547038507461548, 0.01853253377539578]
Control: [95, 93, 83, 83]

State: [-0.7468199157714848, -0.9657888245582581, 0.023205117483104963]
Control: [95, 93, 83, 83]

State: [-0.7208442115783695, -0.9769908618927002, 0.024752084248030576]
Control: [95, 93, 84, 84]

State: [-0.696783485412598, -0.987160189151764, 0.02495059088051222]
Control: [95, 93, 84, 84]

State: [-0.6710709953308109, -0.9975334239006043, 0.023534199281900297]
Control: [94, 92, 84, 84]

State: [-0.6465286636352543, -1.0072589945793151, 0.017046589898573175]
Control: [94, 92, 84, 84]

State: [-0.6216120147705082, -1.0158905220031738, 0.009794372602437354]
Control: [94, 92, 84, 84]

State: [-0.5967344665527348, -1.0239078831672668, 0.0011418947909351564]
Control: [94, 92, 84, 84]

State: [-0.5710248374938969, -1.0323675107955932, -0.0071933605218813075]
Control: [92, 94, 84, 84]

State: [-0.5461148643493656, -1.039953989982605, -0.015565775491877813]
Control: [92, 94, 84, 84]

State: [-0.519863548278809, -1.0469819736480712, -0.022305563348394945]
Control: [92, 94, 84, 84]

State: [-0.4934033775329594, -1.0535170865058898, -0.02688542856105898]
Control: [92, 94, 84, 84]

State: [-0.4676813507080082, -1.0602636766433715, -0.032306042176643124]
Control: [92, 94, 84, 84]

State: [-0.4429015541076664, -1.0668546390533447, -0.035754473344988574]
Control: [92, 94, 84, 84]

State: [-0.4194635772705082, -1.0735878181457519, -0.0388700418348718]
Control: [92, 94, 84, 84]

State: [-0.38826984405517617, -1.0824178290367126, -0.04070970362503008]
Control: [92, 94, 84, 84]

State: [-0.36330455780029336, -1.090296549797058, -0.04300756169234579]
Control: [91, 93, 84, 84]

State: [-0.3361515426635746, -1.0988372993469238, -0.04093576493629727]
Control: [91, 93, 84, 84]

State: [-0.3089284324646, -1.106927855014801, -0.03775449183788484]
Control: [91, 93, 84, 84]

State: [-0.28134864807128945, -1.114567859172821, -0.034234950568767394]
Control: [91, 93, 84, 84]

State: [-0.25348896026611367, -1.1222165656089782, -0.029447072567653217]
Control: [91, 93, 84, 84]

State: [-0.22624486923217813, -1.1297277641296386, -0.024350548918600785]
Control: [91, 93, 84, 84]

State: [-0.1992487335205082, -1.1369516086578368, -0.01843702504543108]
Control: [91, 93, 84, 84]

State: [-0.1723179244995121, -1.143875880241394, -0.011894560474132024]
Control: [91, 93, 84, 84]

State: [-0.14591068267822305, -1.1499901247024535, -0.004866373472598851]
Control: [90, 92, 84, 84]

State: [-0.11863273620605508, -1.156081063747406, 0.0024803269579294373]
Control: [92, 90, 85, 85]

State: [-0.0921015167236332, -1.1609720420837402, 0.007151858160843145]
Control: [92, 90, 85, 85]

State: [-0.06702322006225625, -1.1652471256256103, 0.011364378289979445]
Control: [92, 90, 85, 85]

State: [-0.040399017333984766, -1.1693279576301574, 0.0160389355079968]
Control: [92, 90, 85, 85]

State: [-0.014179172515869531, -1.1731638145446777, 0.021048640501021742]
Control: [92, 90, 85, 85]

State: [0.012684879302978125, -1.1770528984069824, 0.023475496836604215]
Control: [92, 90, 85, 85]

State: [0.03933006286621055, -1.180515809059143, 0.026003609258497908]
Control: [90, 88, 85, 85]

State: [0.0670638656616207, -1.1836715173721313, 0.029009114694563035]
Control: [90, 88, 85, 85]

State: [0.09557300567626914, -1.1870141458511352, 0.03153101969053426]
Control: [90, 88, 85, 85]

State: [0.12359910964965781, -1.190210862159729, 0.03345463926094326]
Control: [90, 88, 85, 85]

State: [0.15170627593994102, -1.193356795310974, 0.0351868843475685]
Control: [90, 88, 85, 85]

State: [0.17935853958129844, -1.1956497859954833, 0.03635154189507982]
Control: [89, 87, 85, 85]

State: [0.20596176147460898, -1.1977904272079467, 0.03702181167254118]
Control: [89, 87, 85, 85]

State: [0.23260169982910117, -1.1994517278671264, 0.03739322827255776]
Control: [89, 87, 85, 85]

State: [0.25976234436035117, -1.2014825773239135, 0.037181001391122584]
Control: [89, 87, 86, 86]

State: [0.2864227867126461, -1.2029673290252685, 0.0358905125410628]
Control: [89, 87, 86, 86]

State: [0.31240135192871055, -1.2041536998748779, 0.03397131239098829]
Control: [88, 86, 86, 86]

State: [0.336487827301025, -1.204756064414978, 0.031158171723040005]
Control: [88, 86, 86, 86]

State: [0.36157947540283164, -1.2046089601516723, 0.028469796158874752]
Control: [88, 86, 86, 86]

State: [0.38625532150268516, -1.2036880683898925, 0.024776384379685934]
Control: [88, 86, 86, 86]

State: [0.4113183593749996, -1.201760811805725, 0.020135760407448876]
Control: [87, 85, 86, 86]

State: [0.4364209747314449, -1.199253602027893, 0.014572886015529885]
Control: [87, 85, 86, 86]

State: [0.46036630630493125, -1.1964111757278442, 0.007929563888298522]
Control: [87, 85, 86, 86]

State: [0.4837928390502926, -1.1938078832626342, 0.00040687650208182433]
Control: [85, 87, 86, 86]

State: [0.5072999572753902, -1.1908462476730346, -0.009820461354616278]
Control: [85, 87, 86, 86]

State: [0.5272570228576656, -1.1878037881851196, -0.016189524512705656]
Control: [84, 86, 86, 86]

State: [0.5560169792175289, -1.183876438140869, -0.01828954394569959]
Control: [84, 86, 86, 86]

State: [0.5786262130737301, -1.179755253791809, -0.020407295033750678]
Control: [84, 86, 87, 87]

State: [0.6020849323272701, -1.1752162408828735, -0.02156528420888815]
Control: [84, 86, 87, 87]

State: [0.6244192695617672, -1.170163435935974, -0.02302829150317139]
Control: [83, 85, 87, 87]

State: [0.647217807769775, -1.164865596294403, -0.02242141573779986]
Control: [83, 85, 87, 87]

State: [0.6697035408020016, -1.1586038303375243, -0.021012420735081788]
Control: [83, 85, 87, 87]

State: [0.6907797431945797, -1.1522468161582946, -0.018477465336580713]
Control: [83, 85, 87, 87]

State: [0.7109246826171871, -1.1444182229042053, -0.01625042406141841]
Control: [83, 85, 87, 87]

State: [0.7289782142639156, -1.1362606120109557, -0.01443142730963977]
Control: [83, 85, 87, 87]

State: [0.7479167556762691, -1.126467032432556, -0.010051243854952147]
Control: [82, 84, 87, 87]

State: [0.7689507579803463, -1.1143344473838805, -0.00447085613177139]
Control: [82, 84, 87, 87]

State: [0.7873120880126949, -1.102066023349762, 0.0021889111038639283]
Control: [84, 82, 87, 87]

State: [0.8054924583435055, -1.0879022312164306, 0.009397581493621106]
Control: [84, 82, 87, 87]

State: [0.8233471488952633, -1.0722661447525024, 0.013741571074549595]
Control: [84, 82, 87, 87]

State: [0.8409610366821285, -1.055465681552887, 0.016396205805889488]
Control: [84, 82, 87, 87]

State: [0.8582425689697262, -1.0378438663482665, 0.01668083193676251]
Control: [84, 82, 87, 87]

State: [0.8745682811737057, -1.020067138671875, 0.015022583405528655]
Control: [84, 82, 87, 87]

State: [0.8911607837676998, -1.001302762031555, 0.011492507945704583]
Control: [84, 82, 87, 87]

State: [0.9078858470916744, -0.982721073627472, 0.0065931424904756555]
Control: [84, 82, 87, 87]

State: [0.9246748065948482, -0.9633301329612732, -6.126667325292164, -5.0]
Control: [84, 82, 87, 87]

State: [0.9414363479614254, -0.9432757925987244, -0.007924381657980362]
Control: [82, 84, 88, 88]

State: [0.9558499431610104, -0.9252363276481629, -0.012982998618100898]
Control: [82, 84, 88, 88]

State: [0.9704800224304195, -0.9050311279296875, -0.01721766228796436]
Control: [82, 84, 88, 88]

State: [0.9837534999847408, -0.8867199850082398, -0.01605895768335959]
Control: [82, 84, 88, 88]

State: [0.9950666999816891, -0.8708792757987976, -0.01583200133688673]
Control: [82, 84, 88, 88]

State: [1.0076661682128902, -0.8522517514228821, -0.012619055165376841]
Control: [81, 83, 88, 88]

State: [1.0188723182678219, -0.833703203201294, -0.008917929712689605]
Control: [81, 83, 88, 88]

State: [1.028318939208984, -0.8151906561851502, -0.00998806469042778]
Control: [81, 83, 88, 88]

State: [1.037694988250732, -0.7942712736129761, -0.006971803637138697]
Control: [81, 83, 88, 88]

State: [1.0465305423736568, -0.7721996140480042, -0.0019216067109801306]
Control: [81, 83, 88, 88]

State: [1.055378732681274, -0.747815055847168, 0.004739082483814315]
Control: [83, 81, 88, 88]

State: [1.0640647983551021, -0.7228353452682496, 0.012292125914834556]
Control: [83, 81, 88, 88]

State: [1.0724595165252682, -0.6965700221061707, 0.017700124302563614]
Control: [83, 81, 88, 88]

State: [1.0798683738708492, -0.670566840171814, 0.021206992132387407]
Control: [84, 82, 88, 88]

State: [1.0868425941467281, -0.6430574190616608, 0.022843332832966523]
Control: [84, 82, 88, 88]

State: [1.0944307422637936, -0.6137716007232666, 0.0232455892988801]
Control: [84, 82, 88, 88]

State: [1.1010323143005367, -0.5860273671150208, 0.023181052073740924]
Control: [84, 82, 88, 88]

State: [1.1083365058898922, -0.5552148056030274, 0.021629161714368534]
Control: [84, 82, 88, 88]

State: [1.1146452999114986, -0.5259064567089081, 0.019288132119512844]
Control: [84, 82, 88, 88]

State: [1.1206470108032223, -0.4964234364032746, 0.01567011027283961]
Control: [84, 82, 88, 88]

State: [1.125407037734985, -0.467996073961258, 0.01147949722981482]
Control: [84, 82, 88, 88]

State: [1.1295812702178951, -0.4383149576187134, 0.006246203793926022]
Control: [84, 82, 88, 88]

State: [1.1331089115142818, -0.4091351461410523, 0.0006540773797052141]
Control: [84, 82, 88, 88]

State: [1.136053142547607, -0.3791433703899384, -0.00610901939758587]
Control: [83, 85, 88, 88]

State: [1.138802108764648, -0.3493792247772217, -0.012603032185910664]
Control: [83, 85, 88, 88]

State: [1.1401863670349117, -0.32012663602828983, -0.016794123223245822]
Control: [83, 85, 88, 88]

State: [1.141433773040771, -0.29137468159198765, -0.019201721087655513]
Control: [83, 85, 88, 88]

State: [1.141485271453857, -0.2614855003356934, -0.020722548852115268]
Control: [83, 85, 88, 88]

State: [1.1421652412414547, -0.23184449046850206, -0.019592725281211584]
Control: [83, 85, 88, 88]

State: [1.1425152397155758, -0.20310135379433633, -0.01748840601545381]
Control: [83, 85, 88, 88]

State: [1.14226466178894, -0.17340954819694163, -0.014403353443755469]
Control: [83, 85, 88, 88]

State: [1.1425500488281246, -0.14143693268299104, -0.008880080126022783]
Control: [83, 85, 89, 89]

State: [1.1425846195220943, -0.11313567876815797, -0.0052500493276575865]
Control: [83, 85, 89, 89]

State: [1.142170724868774, -0.08620229929685594, -0.0016230359053932704]
Control: [84, 86, 89, 89]

State: [1.1412931060791012, -0.05870368897914888, 0.0009455254678820043]
Control: [86, 84, 89, 89]

State: [1.1402772045135494, -0.03163166165351869, 0.005041384825228222]
Control: [86, 84, 89, 89]

State: [1.1394885158538814, -0.005946753621101392, 0.00907989513153597]
Control: [86, 84, 89, 89]

State: [1.1383588886260982, 0.020794259309768665, 0.01204224545384223]
Control: [86, 84, 89, 89]

State: [1.137278614044189, 0.04517558395862578, 0.013914772926259549]
Control: [86, 84, 89, 89]

State: [1.1346698379516598, 0.07235068261623381, 0.015209169673361833]
Control: [86, 84, 89, 89]

State: [1.131977615356445, 0.09752918958663939, 0.01530572625253752]
Control: [86, 84, 89, 89]

State: [1.1281705474853512, 0.12188129305839537, 0.014729135143208335]
Control: [86, 84, 89, 89]

State: [1.125252304077148, 0.14211227178573607, 0.01342906420529322]
Control: [86, 84, 89, 89]

State: [1.1203303909301754, 0.17235575795173644, 0.010236545450914954]
Control: [86, 84, 89, 89]

State: [1.1169572448730465, 0.1922646629810333, 0.007520363056259454]
Control: [86, 84, 89, 89]

State: [1.1113334274291988, 0.22327940344810485, 0.0022232677009859725]
Control: [86, 84, 89, 89]

State: [1.106375751495361, 0.24868412494659423, -0.002875091421885952]
Control: [84, 86, 91, 91]

State: [1.1012216186523434, 0.2749527859687805, -0.008246050325435758]
Control: [84, 86, 91, 91]

State: [1.0959127521514889, 0.30136074304580684, -0.011681544169675321]
Control: [84, 86, 91, 91]

State: [1.090821084976196, 0.32740311503410335, -0.013585752337398217]
Control: [84, 86, 91, 91]

State: [1.0862427330017086, 0.3523308205604553, -0.013927180102877407]
Control: [85, 87, 91, 91]

State: [1.0817611789703365, 0.3765437769889831, -0.01298497438492847]
Control: [85, 87, 91, 91]

State: [1.0772638893127437, 0.401379542350769, -0.010426229042415943]
Control: [85, 87, 91, 91]

State: [1.0723374462127682, 0.4257783460617065, -0.006986845989449098]
Control: [85, 87, 91, 91]

State: [1.067825374603271, 0.4480075407028198, -0.002386209647382515]
Control: [85, 87, 92, 92]

State: [1.0634055709838863, 0.4695713686943054, 0.0030024340706925608]
Control: [87, 85, 92, 92]

State: [1.0578618621826168, 0.4947420525550842, 0.010020854296138214]
Control: [87, 85, 92, 92]

State: [1.0529077625274654, 0.517825322151184, 0.01479817596513719]
Control: [87, 85, 92, 92]

State: [1.0476439571380611, 0.5409876275062561, 0.0183654052023856]
Control: [87, 85, 92, 92]

State: [1.0420952415466305, 0.562494056224823, 0.020365296601199817]
Control: [87, 85, 92, 92]

State: [1.03593879699707, 0.5845293569564819, 0.021545154797961038]
Control: [87, 85, 92, 92]

State: [1.0292916870117184, 0.6062888669967651, 0.021004922227865847]
Control: [87, 85, 93, 93]

State: [1.0222168540954586, 0.6279943752288818, 0.019476911390690563]
Control: [87, 85, 93, 93]

State: [1.0144854164123531, 0.6490643787384033, 0.016666740123829803]
Control: [87, 85, 93, 93]

State: [1.0061739063262936, 0.6700450944900512, 0.013600212138243794]
Control: [87, 85, 93, 93]

State: [0.9968057250976559, 0.6916661429405212, 0.009512495966551968]
Control: [87, 85, 93, 93]

State: [0.9875085926055904, 0.7132511901855468, 0.004669951662893708]
Control: [88, 86, 94, 94]

State: [0.9787967777252193, 0.7336769270896911, -0.00027885131288838186]
Control: [86, 88, 94, 94]

State: [0.9696701145172115, 0.7536698150634765, -0.005386083022967154]
Control: [86, 88, 94, 94]

State: [0.9597066020965572, 0.7728642988204956, -0.00890165674267608]
Control: [86, 88, 94, 94]

State: [0.9495387649536129, 0.7913980650901794, -0.010049177833817686]
Control: [86, 88, 94, 94]

State: [0.9391797161102291, 0.8097315597534179, -0.011034006702736836]
Control: [86, 88, 94, 94]

State: [0.9295878982543941, 0.8263156580924987, -0.010011115516446087]
Control: [86, 88, 95, 95]

State: [0.9180393791198727, 0.8435649442672729, -0.008860865850684359]
Control: [86, 88, 95, 95]

State: [0.905403432846069, 0.8599803018569946, -0.006261566820885415]
Control: [86, 88, 95, 95]

State: [0.892522869110107, 0.8748429584503173, -0.002669356120533931]
Control: [86, 88, 95, 95]

State: [0.879005727767944, 0.8898893165588379, 0.0022040635446061232]
Control: [88, 86, 95, 95]

State: [0.8649306869506832, 0.9033438730239868, 0.007679301872790584]
Control: [88, 86, 95, 95]

State: [0.8497686958312984, 0.9165070819854736, 0.01270478924066326]
Control: [88, 86, 95, 95]

State: [0.833868083953857, 0.9289671945571899, 0.016355974237379927]
Control: [88, 86, 95, 95]

State: [0.8167842006683346, 0.9420144128799438, 0.020159687425656502]
Control: [88, 86, 96, 96]

State: [0.799732980728149, 0.9552338886260986, 0.024222560558832186]
Control: [88, 86, 96, 96]

State: [0.7820170497894283, 0.9682958889007568, 0.027082612484360342]
Control: [88, 86, 96, 96]

State: [0.7638068771362301, 0.9811905193328857, 0.03049857812497764]
Control: [88, 86, 96, 96]

State: [0.7456555938720699, 0.9938306379318237, 0.033227228743562216]
Control: [88, 86, 96, 96]

State: [0.7264173603057857, 1.0067245531082154, 0.03608590255196993]
Control: [88, 86, 96, 96]

State: [0.7078803157806393, 1.018755512237549, 0.038455098345674635]
Control: [88, 86, 96, 96]

State: [0.6910184001922604, 1.0282619762420655, 0.04198590825034631]
Control: [88, 86, 96, 96]

State: [0.6693838214874264, 1.0392496156692506, 0.04378539294876544]
Control: [88, 86, 96, 96]

State: [0.6463299369812008, 1.050786452293396, 0.045101552995984326]
Control: [88, 86, 96, 96]

State: [0.628430662155151, 1.0583955812454224, 0.047423764147365016]
Control: [88, 86, 96, 96]

State: [0.6047738170623775, 1.0671405363082886, 0.050205710656581956]
Control: [88, 86, 96, 96]

State: [0.579452333450317, 1.0753920841217042, 0.05729164135164381]
Control: [88, 86, 96, 96]

State: [0.5590253448486324, 1.0810980367660523, 0.06240698997099587]
Control: [88, 86, 96, 96]

State: [0.5331903076171871, 1.0876649188995362, 0.07055506236967872]
Control: [88, 86, 96, 96]

State: [0.5090427970886227, 1.0930783319473267, 0.07770247360614738]
Control: [88, 86, 96, 96]

State: [0.4854446029663082, 1.098878221511841, 0.08377004235154653]
Control: [88, 86, 96, 96]

State: [0.45905071258544883, 1.1046397256851197, 0.09011638507434899]
Control: [88, 86, 96, 96]

State: [0.43463951110839805, 1.1101941633224488, 0.0949109556887273]
Control: [88, 86, 96, 96]

State: [0.40930896759033164, 1.1156485843658448, 0.09949248834683486]
Control: [88, 86, 96, 96]

State: [0.383304176330566, 1.1210630702972413, 0.10365889562341728]
Control: [88, 86, 96, 96]

State: [0.35653024673461875, 1.126256184577942, 0.10689734618525475]
Control: [88, 86, 96, 96]

State: [0.33002668380737266, 1.1314364242553712, 0.10844810253784168]
Control: [89, 87, 96, 96]

State: [0.30287986755371055, 1.1369934844970704, 0.10980488924879855]
Control: [89, 87, 96, 96]

State: [0.27585988998413047, 1.1417103576660157, 0.11060969966522144]
Control: [89, 87, 96, 96]

State: [0.2494078254699703, 1.1463834810256959, 0.11105605281813706]
Control: [89, 87, 96, 96]

State: [0.22256952285766562, 1.1507372426986695, 0.1099652353751872]
Control: [89, 87, 96, 96]

State: [0.19558292388915977, 1.1543016004562379, 0.10748623755405043]
Control: [89, 87, 96, 96]

State: [0.1700888252258297, 1.1571955251693726, 0.10513980284827702]
Control: [89, 87, 96, 96]

State: [0.14181905746459922, 1.1594769525527955, 0.10155173179099551]
Control: [89, 87, 96, 96]

State: [0.11670738220214805, 1.1620294618606568, 0.09670311820565788]
Control: [89, 87, 96, 96]

State: [0.08857303619384727, 1.16371639251709, 0.09028813615255203]
Control: [90, 88, 96, 96]

State: [0.06115680694580039, 1.1643615531921387, 0.08446175030844232]
Control: [90, 88, 96, 96]

State: [0.032623348236083594, 1.1648407745361329, 0.07648581311536058]
Control: [90, 88, 95, 95]

State: [0.003914413452148047, 1.1650238800048829, 0.06975066495201172]
Control: [90, 88, 95, 95]

State: [-0.026410045623779688, 1.1651219892501832, 0.06281240390642781]
Control: [90, 88, 95, 95]

State: [-0.05621046066284219, 1.1650701332092286, 0.05543742428349529]
Control: [90, 88, 95, 95]

State: [-0.08615392684936563, 1.1646576690673829, 0.048062858715951014]
Control: [90, 88, 95, 95]

State: [-0.11393350601196328, 1.1646385955810548, 0.0403129872533216]
Control: [92, 90, 95, 95]

State: [-0.14510673522949258, 1.1643656063079835, 0.03052877745988374]
Control: [92, 90, 95, 95]

State: [-0.1722854995727543, 1.1645150947570801, 0.023635108647047338]
Control: [92, 90, 95, 95]

State: [-0.20122665405273477, 1.1640688943862916, 0.01616189584846301]
Control: [92, 90, 95, 95]

State: [-0.229674282073975, 1.1630349922180176, 0.009212956640400673]
Control: [92, 90, 94, 94]

State: [-0.2569145584106449, 1.1624401378631593, 0.004036634012673483]
Control: [92, 90, 94, 94]

State: [-0.2802872085571293, 1.1616011428833009, -0.0013279173928723484]
Control: [91, 93, 94, 94]

State: [-0.310818138122559, 1.1604933309555054, -0.007018175303899628]
Control: [91, 93, 94, 94]

State: [-0.3373898887634281, 1.1584653425216676, -0.009869480267143389]
Control: [91, 93, 94, 94]

State: [-0.3631395721435551, 1.156015591621399, -0.011423460552866974]
Control: [91, 93, 94, 94]

State: [-0.3889183425903324, 1.1533100175857545, -0.012968653935688053]
Control: [91, 93, 94, 94]

State: [-0.41289562225341836, 1.150731282234192, -0.012915658229220157]
Control: [92, 94, 94, 94]

State: [-0.4414495849609379, 1.1469275522232056, -0.011223527103343171]
Control: [92, 94, 94, 94]

State: [-0.467955532073975, 1.142365770339966, -0.006853094524713516]
Control: [92, 94, 94, 94]

State: [-0.49355072021484414, 1.1376293468475343, -0.00026811860912239876]
Control: [94, 92, 93, 93]

State: [-0.5173067474365238, 1.132126169204712, 0.006793149990543659]
Control: [94, 92, 93, 93]

State: [-0.5434388542175297, 1.1256919670104981, 0.012666497866292434]
Control: [94, 92, 93, 93]

State: [-0.5693110847473148, 1.1194762754440308, 0.01791654519189769]
Control: [94, 92, 93, 93]

State: [-0.5933284187316898, 1.113289670944214, 0.021614240627136093]
Control: [95, 93, 93, 93]

State: [-0.6167220497131352, 1.1072501707077027, 0.024179554360661295]
Control: [95, 93, 93, 93]

State: [-0.6413478279113773, 1.0998789834976197, 0.02725725050897265]
Control: [95, 93, 93, 93]

State: [-0.6640982055664066, 1.0926121044158936, 0.02831126801663308]
Control: [95, 93, 93, 93]

State: [-0.6870541000366215, 1.0846529769897462, 0.028613024134804824]
Control: [95, 93, 93, 93]

State: [-0.7096986198425297, 1.0762939023971558, 0.02794259311192637]
Control: [95, 93, 93, 93]

State: [-0.7316522026062016, 1.0672956275939942, 0.025990211335635612]
Control: [96, 94, 93, 93]

State: [-0.7519468688964848, 1.0586784648895264, 0.02348417200694339]
Control: [96, 94, 93, 93]

State: [-0.7723669433593754, 1.048390703201294, 0.019799648109719847]
Control: [96, 94, 92, 92]

State: [-0.7917432212829594, 1.0379850435256959, 0.016300062251946294]
Control: [96, 94, 92, 92]

State: [-0.810306491851807, 1.0260310935974122, 0.011655473529565816]
Control: [96, 94, 92, 92]

State: [-0.8278507614135746, 1.0128482151031495, 0.005935814006444445]
Control: [96, 94, 92, 92]

State: [-0.8437599563598637, 0.9993542003631591, -0.00017391076797434272]
Control: [94, 96, 92, 92]

State: [-0.8592881584167484, 0.9845069217681884, -0.007234582805806025]
Control: [94, 96, 92, 92]

State: [-0.8751668357849125, 0.9689570236206054, -0.012152875615972955]
Control: [95, 97, 92, 92]

State: [-0.8909816169738773, 0.9519961643218994, -0.015205357347838346]
Control: [95, 97, 92, 92]

State: [-0.9061788940429691, 0.934658842086792, -0.016534481016854632]
Control: [95, 97, 92, 92]

State: [-0.9183725738525395, 0.9189948606491088, -0.016311653696960412]
Control: [95, 97, 92, 92]

State: [-0.9347714805603031, 0.8972968626022338, -0.01397721061714782]
Control: [95, 97, 92, 92]

State: [-0.9489554786682133, 0.8772708940505981, -0.009947041558367425]
Control: [95, 97, 92, 92]

State: [-0.962765159606934, 0.8566424417495727, -0.004921233220281674]
Control: [95, 97, 92, 92]

State: [-0.9758457565307621, 0.8356229829788208, 0.0013574220380340376]
Control: [97, 95, 92, 92]

State: [-0.9877862358093266, 0.8152277636528015, 0.008053366048672359]
Control: [97, 95, 92, 92]

State: [-0.9992417716979984, 0.7939087319374084, 0.013807569002542267]
Control: [97, 95, 92, 92]

State: [-1.0100283050537113, 0.771203773021698, 0.017488865156238837]
Control: [97, 95, 92, 92]

State: [-1.0203408622741703, 0.7464895415306091, 0.02099849440771453]
Control: [97, 95, 92, 92]

State: [-1.0291799926757816, 0.7228726911544799, 0.021545432249815144]
Control: [97, 95, 92, 92]

State: [-1.0379003906250004, 0.6980872917175293, 0.01967340868344532]
Control: [97, 95, 92, 92]

State: [-1.0461968803405766, 0.6728758978843689, 0.01763403910778861]
Control: [97, 95, 92, 92]

State: [-1.0543770217895512, 0.6468408274650573, 0.013501118434797597]
Control: [96, 94, 92, 92]

State: [-1.0621318244934086, 0.6201825904846191, 0.008808709147891391]
Control: [96, 94, 92, 92]

State: [-1.0695809745788578, 0.5937887001037597, 0.0027611854579236064]
Control: [96, 94, 92, 92]

State: [-1.0770172500610355, 0.5685907769203186, -0.004396917113182648]
Control: [94, 96, 92, 92]

State: [-1.0846657180786137, 0.5422169733047485, -0.011569222179341017]
Control: [94, 96, 92, 92]

State: [-1.0921568298339848, 0.5159923005104065, -0.016467013919079013]
Control: [94, 96, 92, 92]

State: [-1.1000790023803715, 0.4891944098472595, -0.019572744836835694]
Control: [94, 96, 92, 92]

State: [-1.1072568321228031, 0.46334703445434566, -0.02153436008060946]
Control: [94, 96, 92, 92]

State: [-1.1141733551025395, 0.4371633696556091, -0.022544718568658598]
Control: [94, 96, 92, 92]

State: [-1.1207279586791996, 0.413120584487915, -0.021176444409390247]
Control: [94, 96, 92, 92]

State: [-1.1278619194030766, 0.38544948577880855, -0.01874420878087467]
Control: [94, 96, 92, 92]

State: [-1.1340474510192875, 0.3603022265434265, -0.015660886653695024]
Control: [94, 96, 92, 92]

State: [-1.140163841247559, 0.33540184974670406, -0.009947169945010135]
Control: [94, 96, 92, 92]

State: [-1.1458272361755375, 0.3104979860782623, -0.005280905053626914]
Control: [94, 96, 91, 91]

State: [-1.1490206146240238, 0.29758332848548885, -0.0017362033833524604]
Control: [94, 96, 91, 91]

State: [-1.157037677764893, 0.2612370419502258, 0.010047001010490053]
Control: [96, 94, 91, 91]

State: [-1.162082614898682, 0.2359832990169525, 0.018283412448334695]
Control: [96, 94, 91, 91]

State: [-1.166005077362061, 0.21595929741859435, 0.023378125728498515]
Control: [96, 94, 91, 91]

State: [-1.1713990592956547, 0.18707923769950865, 0.027414700310035366]
Control: [96, 94, 91, 91]

State: [-1.1758746528625492, 0.16048927783966063, 0.027972918579681143]
Control: [96, 94, 91, 91]

State: [-1.1802024269104008, 0.13325576663017272, 0.027318519992288865]
Control: [96, 94, 91, 91]

State: [-1.1841024780273441, 0.1059859263896942, 0.024026711740827475]
Control: [96, 94, 91, 91]

State: [-1.1877793693542484, 0.078901829123497, 0.020507949076904397]
Control: [96, 94, 91, 91]

State: [-1.1921677017211918, 0.049628691673278796, 0.014399948113416612]
Control: [96, 94, 91, 91]

State: [-1.1961740875244145, 0.02119274616241454, 0.008303648851714708]
Control: [95, 93, 89, 89]

State: [-1.2003206634521488, -0.0051174294948578, 0.0014281833097466356]
Control: [95, 93, 89, 89]

State: [-1.204006614685059, -0.03178755760192872, -0.007130438276365693]
Control: [93, 95, 89, 89]

State: [-1.2074493789672855, -0.0584914666414261, -0.01638518010544661]
Control: [93, 95, 89, 89]

State: [-1.2101959609985355, -0.08448743641376497, -0.023713737927795433]
Control: [93, 95, 89, 89]

State: [-1.2122568511962895, -0.11040097296237947, -0.02865054341823334]
Control: [93, 95, 88, 88]

State: [-1.2141961479187016, -0.1347755101323128, -0.03154123936381006]
Control: [93, 95, 88, 88]

State: [-1.2148699188232426, -0.15966461885720493, -0.032022329511787885]
Control: [93, 95, 88, 88]

State: [-1.2160434150695805, -0.18275157369673253, -0.03258975274890568]
Control: [93, 95, 88, 88]

State: [-1.2163481140136723, -0.2054341194033623, -0.029731846706335885]
Control: [93, 95, 88, 88]

State: [-1.2161192321777348, -0.22957293510437013, -0.025793330583545635]
Control: [93, 95, 88, 88]

State: [-1.2146024131774906, -0.2555297669768334, -0.020180694955588187]
Control: [93, 95, 88, 88]

State: [-1.2125291252136234, -0.27887826979160313, -0.013862118719542219]
Control: [93, 95, 87, 87]

State: [-1.2100424194335941, -0.3039702755212784, -0.005410754908169796]
Control: [93, 95, 87, 87]

State: [-1.2073773765563969, -0.32758262574672703, 0.003628571142010024]
Control: [95, 93, 87, 87]

State: [-1.2048677825927738, -0.35106266856193546, 0.012130742164663021]
Control: [95, 93, 87, 87]

State: [-1.2026471519470219, -0.3743338716030121, 0.018526046170206183]
Control: [95, 93, 87, 87]

State: [-1.20051139831543, -0.3957705926895142, 0.022872675320811706]
Control: [95, 93, 87, 87]

State: [-1.1973580741882328, -0.4183705580234528, 0.026143354741890137]
Control: [95, 93, 87, 87]

State: [-1.193231525421143, -0.440258903503418, 0.027500765445619215]
Control: [95, 93, 86, 86]

State: [-1.1892165565490727, -0.4625394475460053, 0.028547853767443905]
Control: [95, 93, 86, 86]

State: [-1.1842426681518559, -0.48458270549774174, 0.028953960359034674]
Control: [95, 93, 86, 86]

State: [-1.1788443946838383, -0.5047026705741883, 0.02695667244340265]
Control: [95, 93, 86, 86]

State: [-1.172690811157227, -0.5261245799064637, 0.02380950301536374]
Control: [95, 93, 86, 86]

State: [-1.165653171539307, -0.546833200454712, 0.020278137647594233]
Control: [95, 93, 86, 86]

State: [-1.1576265716552738, -0.5673516523838044, 0.014532361818039297]
Control: [95, 93, 85, 85]

State: [-1.1487855339050297, -0.5868086051940918, 0.009250896708034185]
Control: [95, 93, 85, 85]

State: [-1.1389040374755863, -0.6059851777553559, 0.0029386493536157545]
Control: [95, 93, 85, 85]

State: [-1.1277498626708988, -0.6251391005516053, -0.0029277476386034254]
Control: [93, 95, 85, 85]

State: [-1.1156076812744145, -0.6439482998847962, -0.01108503993615219]
Control: [93, 95, 85, 85]

State: [-1.1018113517761234, -0.6633940768241883, -0.01585100309919183]
Control: [93, 95, 85, 85]

State: [-1.0901955986022953, -0.6802437138557434, -0.01636957292158025]
Control: [93, 95, 85, 85]

State: [-1.07438892364502, -0.699782772064209, -0.019842227518512123]
Control: [93, 95, 85, 85]

State: [-1.059698524475098, -0.718590898513794, -0.020563480599737817]
Control: [92, 94, 85, 85]

State: [-1.0449032211303715, -0.7370864582061768, -0.019454176148462243]
Control: [92, 94, 85, 85]

State: [-1.0303072357177738, -0.7548531126976014, -0.017103091804899568]
Control: [92, 94, 85, 85]

State: [-1.0149049186706547, -0.7725710701942444, -0.012731041126244552]
Control: [92, 94, 85, 85]

State: [-0.998571815490723, -0.78964750289917, -0.00881612339749058]
Control: [92, 94, 84, 84]

State: [-0.9819726371765141, -0.8061753344535828, -0.002355970763071094]
Control: [92, 94, 84, 84]

State: [-0.9653400802612309, -0.8210500311851502, 0.0039027022750041432]
Control: [94, 92, 84, 84]

State: [-0.9469699287414555, -0.8351905179023743, 0.010170554975220982]
Control: [94, 92, 84, 84]

State: [-0.9284157180786137, -0.8490931224822998, 0.01535035042573731]
Control: [94, 92, 84, 84]

State: [-0.9080418968200688, -0.8624610733985901, 0.018645373828175722]
Control: [94, 92, 84, 84]

State: [-0.8876375579833988, -0.8742355537414551, 0.01920331071681836]
Control: [95, 93, 84, 84]

State: [-0.8653063201904301, -0.8863218259811402, 0.019712718146604895]
Control: [95, 93, 84, 84]

State: [-0.8435248756408695, -0.8970791530609131, 0.018502930891909495]
Control: [95, 93, 84, 84]

State: [-0.8192600631713871, -0.9094682168960572, 0.013244905372671669]
Control: [95, 93, 85, 85]

State: [-0.7969650650024418, -0.9211047124862671, 0.006841259834728605]
Control: [94, 92, 85, 85]

State: [-0.7730192565917973, -0.9336680006980896, -0.0015791710549262388]
Control: [92, 94, 85, 85]

State: [-0.7506331825256352, -0.9452823829650879, -0.009992191447665054]
Control: [92, 94, 85, 85]

State: [-0.7280034446716313, -0.9569028449058533, -0.01674668747911362]
Control: [92, 94, 84, 84]

State: [-0.7047352218627934, -0.9688338470458985, -0.020925047860234733]
Control: [92, 94, 85, 85]

State: [-0.6841110610961918, -0.9798173141479493, -0.026750971226678907]
Control: [92, 94, 84, 84]

State: [-0.6631745719909672, -0.9912979435920716, -0.029326031823064716]
Control: [92, 94, 84, 84]

State: [-0.6384944343566898, -1.0044762325286865, -0.030126467848101163]
Control: [92, 94, 84, 84]

State: [-0.6161903762817387, -1.0159601998329162, -0.03267091963978033]
Control: [92, 94, 84, 84]

State: [-0.5923909568786625, -1.0276946258544921, -0.03379678656168621]
Control: [92, 94, 84, 84]

State: [-0.5704702758789066, -1.0378491115570068, -0.03488654472882883]
Control: [92, 94, 84, 84]

State: [-0.5491051101684574, -1.0475749802589416, -0.033789773433434346]
Control: [92, 94, 84, 84]

State: [-0.5269126319885258, -1.0579112601280212, -0.02945514364463999]
Control: [92, 94, 84, 84]

State: [-0.5040425682067875, -1.0682820510864257, -0.024308030627683063]
Control: [91, 93, 84, 84]

State: [-0.48165172576904336, -1.0787817668914794, -0.015775848173011524]
Control: [91, 93, 84, 84]

State: [-0.4588269615173344, -1.0889488291740417, -0.008339580255017456]
Control: [91, 93, 84, 84]

State: [-0.43332618713378945, -1.0996256899833678, -0.00037629207631924126]
Control: [93, 91, 84, 84]

State: [-0.4092211151123051, -1.1082492899894714, 0.006975580063977438]
Control: [93, 91, 84, 84]

State: [-0.38350624084472695, -1.1169169974327087, 0.012864371074722079]
Control: [93, 91, 84, 84]

State: [-0.35829967498779336, -1.1246797275543212, 0.01717436870385654]
Control: [93, 91, 84, 84]

State: [-0.33278602600097695, -1.132927520275116, 0.020939666452860918]
Control: [93, 91, 84, 84]

State: [-0.3046087646484379, -1.142136616706848, 0.023889221824060957]
Control: [93, 91, 85, 85]

State: [-0.2771787071228031, -1.1513793301582336, 0.023249796488591098]
Control: [93, 91, 85, 85]

State: [-0.2513560676574711, -1.1599531006813049, 0.0228232566626396]
Control: [92, 90, 85, 85]

State: [-0.2262877845764164, -1.1676581931114196, 0.019031312900755184]
Control: [92, 90, 85, 85]

State: [-0.20122140884399453, -1.174434585571289, 0.015715100299622295]
Control: [92, 90, 85, 85]

State: [-0.17624181747436563, -1.1808890533447265, 0.010909667820944395]
Control: [92, 90, 85, 85]

State: [-0.1537770652771, -1.1866622400283813, 0.006540915221478316]
Control: [92, 90, 85, 85]

State: [-0.12786239624023477, -1.1922095251083373, 0.0030800383811105526]
Control: [92, 90, 85, 85]

State: [-0.10399621963501016, -1.1979520750045776, 0.00031196219243192873]
Control: [90, 88, 85, 85]

State: [-0.07986587524414102, -1.2021884155273437, -0.004710358957773265]
Control: [88, 90, 85, 85]

State: [-0.05522674560546914, -1.206341905593872, -0.009911506456329966]
Control: [88, 90, 85, 85]

State: [-0.03171485900878945, -1.2093434762954711, -0.015062658878618993]
Control: [88, 90, 85, 85]

State: [-0.006240310668945703, -1.2122563552856445, -0.019327770474849716]
Control: [88, 90, 85, 85]

State: [0.019571361541747656, -1.2152005863189697, -0.023544726495340847]
Control: [88, 90, 85, 85]

State: [0.04560667037963828, -1.217052502632141, -0.027455724329440163]
Control: [87, 89, 85, 85]

State: [0.07227617263793906, -1.2189064455032348, -0.029222548348415735]
Control: [87, 89, 85, 85]

State: [0.0983596420288082, -1.2199559640884399, -0.029820521429603043]
Control: [87, 89, 85, 85]

State: [0.12503438949584922, -1.2211119365692138, -0.029288388445422593]
Control: [87, 89, 85, 85]

State: [0.15050607681274375, -1.2230405044555663, -0.027695285447615303]
Control: [87, 89, 85, 85]

State: [0.1769886589050289, -1.2255347204208373, -0.024622526877390003]
Control: [87, 89, 85, 85]

State: [0.20328908920288047, -1.228151364326477, -0.020118392690098928]
Control: [86, 88, 85, 85]

State: [0.22874885559081992, -1.2303437423706054, -0.014532609546318367]
Control: [86, 88, 85, 85]

State: [0.2543006515502926, -1.230711622238159, -0.008780516256865744]
Control: [86, 88, 85, 85]

State: [0.27910858154296836, -1.2303418350219726, -0.0038245746409204325]
Control: [86, 88, 85, 85]

State: [0.3042474365234371, -1.229233784675598, 0.0024462034369089913]
Control: [88, 86, 85, 85]

State: [0.32830053329467734, -1.2276333999633788, 0.006514765539363785]
Control: [87, 85, 85, 85]

State: [0.3523908233642574, -1.2261270713806152, 0.00831337523132931]
Control: [87, 85, 85, 85]

State: [0.37566429138183555, -1.223539514541626, 0.008839442284551009]
Control: [87, 85, 85, 85]

State: [0.3992052650451656, -1.2198474836349487, 0.0066323414152078194]
Control: [87, 85, 86, 86]

State: [0.42206865310668906, -1.2160567474365234, 0.0062766838253035155]
Control: [87, 85, 86, 86]

State: [0.44557767868041953, -1.210758728981018, 0.0032965201871394813]
Control: [87, 85, 86, 86]

State: [0.46973234176635703, -1.204321904182434, -1.906473530008065, -5.0]
Control: [76, 98, 96, 96]

State: [0.4920998191833492, -1.1987212133407592, -0.002910368782436762]
Control: [86, 84, 86, 86]

State: [0.5123162841796871, -1.191829605102539, 0.007412398802011794]
Control: [86, 84, 86, 86]

State: [0.5340552902221676, -1.182979507446289, 0.017943932390141085]
Control: [86, 84, 86, 86]

State: [0.5550790405273434, -1.1738204193115234, 0.025908319979276274]
Control: [86, 84, 86, 86]

State: [0.5762265300750729, -1.1631261539459228, 0.03136677142355285]
Control: [86, 84, 86, 86]

State: [0.5964766120910641, -1.1527038049697875, 0.03504809607228487]
Control: [86, 84, 86, 86]

State: [0.61803370475769, -1.140747411251068, 0.037682840854901076]
Control: [86, 84, 86, 86]

State: [0.6393495178222652, -1.1295346450805663, 0.03836961292716796]
Control: [86, 84, 86, 86]

State: [0.659370956420898, -1.118320209980011, 0.03796648086807408]
Control: [86, 84, 86, 86]

State: [0.6791406249999996, -1.1067671608924865, 0.0364201728822599]
Control: [86, 84, 86, 86]

State: [0.6983867263793941, -1.0938940477371215, 0.03334534544258153]
Control: [85, 83, 86, 86]

State: [0.7173615074157711, -1.079769594669342, 0.029334402496175215]
Control: [85, 83, 86, 86]

State: [0.7331088161468502, -1.066454095840454, 0.02481873194087942]
Control: [85, 83, 86, 86]

State: [0.7545657730102535, -1.04746661901474, 0.017767208494562967]
Control: [85, 83, 86, 86]

State: [0.7722504711151119, -1.0299977493286132, 0.009157077765748584]
Control: [85, 83, 86, 86]

State: [0.7905648326873775, -1.0117529463768005, -0.0008959312721097955]
Control: [83, 85, 86, 86]

State: [0.8073499774932857, -0.9926810097694397, -0.013478435271906]
Control: [83, 85, 87, 87]

State: [0.823391017913818, -0.9736654591560364, -0.02356020908565231]
Control: [83, 85, 87, 87]

State: [0.8401671028137203, -0.9534213376045227, -0.031820347600624126]
Control: [83, 85, 87, 87]

State: [0.8565774536132809, -0.9336008262634278, -0.03732881715917339]
Control: [83, 85, 87, 87]

State: [0.8739975070953365, -0.912958664894104, -0.04208070043824937]
Control: [83, 85, 87, 87]

State: [0.8908181762695309, -0.8928680849075318, -0.04422960219715371]
Control: [83, 85, 87, 87]

State: [0.9089532470703121, -0.8706897330284119, -0.045705426697395704]
Control: [83, 85, 87, 87]

State: [0.9246771907806393, -0.8503527474403382, -0.045342660856891766]
Control: [83, 85, 87, 87]

State: [0.9418442821502682, -0.8271745276451111, -0.043585767422944816]
Control: [83, 85, 87, 87]

State: [0.9559589004516598, -0.806250376701355, -0.04107268735823419]
Control: [83, 85, 87, 87]

State: [0.9699025726318355, -0.7842092943191529, -0.03808242489002651]
Control: [83, 85, 87, 87]

State: [0.9823859310150143, -0.7630785536766053, -0.0355366515107829]
Control: [83, 85, 87, 87]

State: [0.9965036487579342, -0.7398581337928772, -0.030576525115732205]
Control: [83, 85, 88, 88]

State: [1.0096943950653072, -0.7161571216583252, -0.02547146187427908]
Control: [83, 85, 88, 88]

State: [1.02172022819519, -0.6918181610107422, -0.01886891129561888]
Control: [83, 85, 88, 88]

State: [1.0325227355957027, -0.6684577000141144, -0.011700687184943666]
Control: [83, 85, 88, 88]

State: [1.0443847751617428, -0.6415696275234223, -0.0028308928370402993]
Control: [83, 85, 88, 88]

State: [1.055641469955444, -0.615835292339325, 0.006490504689568813]
Control: [85, 83, 88, 88]

State: [1.0659983730316158, -0.5899202954769135, 0.016330430427473074]
Control: [85, 83, 88, 88]

State: [1.0757816410064693, -0.5631457698345185, 0.024512250985398307]
Control: [86, 84, 88, 88]

State: [1.0854633426666256, -0.5365978610515595, 0.03258381086227446]
Control: [86, 84, 88, 88]

State: [1.0947781181335445, -0.5108969044685364, 0.03823147256422199]
Control: [86, 84, 88, 88]

State: [1.1025813198089596, -0.49036599516868595, 0.04371488629956353]
Control: [86, 84, 88, 88]

State: [1.1131053543090816, -0.46140144586563114, 0.050237361056147414]
Control: [86, 84, 88, 88]

State: [1.1216197586059566, -0.43715981960296635, 0.05274799215262318]
Control: [86, 84, 88, 88]

State: [1.1295796012878414, -0.41479722976684574, 0.054901090253475025]
Control: [86, 84, 88, 88]

State: [1.138046083450317, -0.3915766310691834, 0.05843754220205413]
Control: [86, 84, 88, 88]

State: [1.1449955081939693, -0.3689688575267792, 0.05973259173309296]
Control: [86, 84, 88, 88]

State: [1.1503244018554684, -0.3477467578649521, 0.05758356859561078]
Control: [86, 84, 88, 88]

State: [1.155687389373779, -0.3255735915899277, 0.055053024294523974]
Control: [86, 84, 88, 88]

State: [1.1606944179534908, -0.30299189507961277, 0.051928169597831836]
Control: [85, 83, 88, 88]

State: [1.166359481811523, -0.2801969555020333, 0.04828781609317863]
Control: [85, 83, 89, 89]

State: [1.1713371849060055, -0.2561460715532303, 0.04279493380553166]
Control: [85, 83, 89, 89]

State: [1.1747513389587398, -0.23675519049167634, 0.03749264412405485]
Control: [85, 83, 89, 89]

State: [1.1782789802551266, -0.21206932336091996, 0.03004983382694733]
Control: [85, 83, 89, 89]

State: [1.1808631992340084, -0.18637059450149537, 0.021525945801484116]
Control: [85, 83, 89, 89]

State: [1.183245000839233, -0.15435308411717416, 0.010259140265856847]
Control: [86, 84, 89, 89]

State: [1.1852086162567135, -0.12655185729265214, -0.000255946050385637]
Control: [84, 86, 89, 89]

State: [1.1877551651000973, -0.09856997251510621, -0.011001226742837478]
Control: [84, 86, 89, 89]

State: [1.1900117969512936, -0.07097285062074662, -0.019430350375179276]
Control: [84, 86, 91, 91]

State: [1.1920102214813229, -0.0435221028327942, -0.026544429063456568]
Control: [84, 86, 91, 91]

State: [1.1935394382476803, -0.017047224640846265, -0.03175437322387647]
Control: [84, 86, 91, 91]

State: [1.1946518993377682, 0.009810747504234302, -0.03563590892693877]
Control: [84, 86, 91, 91]

State: [1.1957491016387936, 0.034290077090263354, -0.03819210941412599]
Control: [84, 86, 91, 91]

State: [1.196390924453735, 0.06084406554698943, -0.03962149054581546]
Control: [84, 86, 91, 91]

State: [1.1972718811035152, 0.08652217864990233, -0.039710991141822194]
Control: [84, 86, 91, 91]

State: [1.1976302242279049, 0.1117869484424591, -0.038372618073379765]
Control: [84, 86, 92, 92]

State: [1.197524843215942, 0.13629369616508483, -0.036143006378847035]
Control: [84, 86, 92, 92]

State: [1.1959746456146236, 0.16181673288345336, -0.033164304413666135]
Control: [84, 86, 92, 92]

State: [1.1942246532440182, 0.18700109601020812, -0.028867348642111157]
Control: [84, 86, 92, 92]

State: [1.192158517837524, 0.21335296511650084, -0.023512269263580285]
Control: [84, 86, 92, 92]

State: [1.1912139034271236, 0.23607672929763793, -0.01820039133560558]
Control: [84, 86, 92, 92]

State: [1.189653453826904, 0.2654057610034942, -0.010308431102459386]
Control: [84, 86, 92, 92]

State: [1.1878309822082516, 0.29072748303413387, -0.002648851737810035]
Control: [84, 86, 92, 92]

State: [1.1854436969757076, 0.3177111911773681, 0.006088011140792184]
Control: [87, 85, 93, 93]

State: [1.1827324008941646, 0.34320391893386837, 0.013813735488355334]
Control: [87, 85, 93, 93]

State: [1.1795251941680904, 0.3702007699012756, 0.020557848098508004]
Control: [87, 85, 93, 93]

State: [1.1753802871704098, 0.39662350893020626, 0.025509902455786736]
Control: [87, 85, 93, 93]

State: [1.171188173294067, 0.4227892923355102, 0.02956141388557582]
Control: [87, 85, 93, 93]

State: [1.1664820289611812, 0.4488729405403137, 0.03209856125977558]
Control: [87, 85, 93, 93]

State: [1.162161884307861, 0.4745398926734924, 0.03408842402024503]
Control: [87, 85, 93, 93]

State: [1.1569994068145748, 0.49925442218780514, 0.03436464739839786]
Control: [87, 85, 94, 94]

State: [1.1509061431884762, 0.5215466785430908, 0.034188625857912894]
Control: [87, 85, 94, 94]

State: [1.14344554901123, 0.5435252356529235, 0.03396412161104516]
Control: [87, 85, 94, 94]

State: [1.135717449188232, 0.5657097268104553, 0.03259734658519731]
Control: [87, 85, 94, 94]

State: [1.1277878856658932, 0.587210373878479, 0.030049108222694854]
Control: [87, 85, 94, 94]

State: [1.1175542449951168, 0.611005859375, 0.026734045043654665]
Control: [87, 85, 94, 94]

State: [1.107270536422729, 0.6325187253952026, 0.02200689206134572]
Control: [87, 85, 94, 94]

State: [1.0951772308349605, 0.6538950371742248, 0.01696062530742914]
Control: [88, 86, 94, 94]

State: [1.0833192443847652, 0.6746549177169799, 0.01128710658841427]
Control: [88, 86, 95, 95]

State: [1.0713201141357418, 0.6945129203796386, 0.005286282963280551]
Control: [88, 86, 95, 95]

State: [1.0583923435211178, 0.7141900825500488, -0.0005831752554060464]
Control: [86, 88, 95, 95]

State: [1.0450265979766842, 0.7342719602584838, -0.006447070181714283]
Control: [86, 88, 95, 95]

State: [1.030795392990112, 0.7545461821556091, -0.010371449681425424]
Control: [86, 88, 95, 95]

State: [1.016893920898437, 0.7747341561317443, -0.0138927763322953]
Control: [86, 88, 95, 95]

State: [1.0018685436248775, 0.7943413424491882, -0.015549361222468496]
Control: [86, 88, 95, 95]

State: [0.9875057315826412, 0.8133231568336486, -0.01510754796221404]
Control: [86, 88, 95, 95]

State: [0.9724393463134762, 0.832843976020813, -0.013948061620569293]
Control: [86, 88, 95, 95]

State: [0.9581499671936031, 0.8510262537002563, -0.012219361395780165]
Control: [86, 88, 95, 95]

State: [0.9430618858337398, 0.8692795801162719, -0.008413227025651027]
Control: [86, 88, 95, 95]

State: [0.9294252967834469, 0.8840891885757446, -0.005419951674262559]
Control: [86, 88, 96, 96]

State: [0.9107754802703854, 0.9019673633575439, 9.64599195336654, -5.0]
Control: [113, 75, 85, 85]

State: [0.893619117736816, 0.9182717370986938, 0.004634788473222891]
Control: [86, 90, 96, 96]

State: [0.8780131912231441, 0.926897006034851, -0.018439007646694316]
Control: [87, 89, 96, 96]

State: [0.8628936386108395, 0.9338872003555297, -0.03922960890123558]
Control: [87, 89, 96, 96]

State: [0.8433662033081051, 0.9432985353469848, -0.0625776680738829]
Control: [87, 89, 96, 96]

State: [0.8241031742095943, 0.9501626062393188, -0.08080875946026293]
Control: [87, 89, 96, 96]

State: [0.8049429035186764, 0.9570004510879516, -0.09454842108236626]
Control: [87, 89, 96, 96]

State: [0.7835548496246334, 0.9641925859451294, -0.10698150270043187]
Control: [87, 89, 96, 96]

State: [0.7619796371459957, 0.9711174535751342, -0.1176057729794259]
Control: [87, 89, 96, 96]

State: [0.7410314655303951, 0.9786154794692993, -0.12590630516703022]
Control: [87, 89, 96, 96]

State: [0.7192216491699215, 0.9855835008621215, -0.13308318511376938]
Control: [87, 89, 96, 96]

State: [0.6973577117919918, 0.9936445522308349, -0.13841171162797222]
Control: [87, 89, 96, 96]

State: [0.6756804561614986, 1.0011697578430176, -0.14235342804866657]
Control: [87, 89, 96, 96]

State: [0.6531849479675289, 1.0084834861755372, -0.14528668496009564]
Control: [87, 89, 96, 96]

State: [0.6301205730438229, 1.0162740516662598, -0.14663546819024675]
Control: [87, 89, 96, 96]

State: [0.6066501712799068, 1.0232101249694825, -0.14790928823750196]
Control: [87, 89, 96, 96]

State: [0.5824027633666988, 1.0309516954421998, -0.14776147200773265]
Control: [87, 89, 96, 96]

State: [0.5587487792968746, 1.038345890045166, -0.14584723993189105]
Control: [87, 89, 96, 96]

State: [0.5333371734619137, 1.046029167175293, -0.1428504793513669]
Control: [87, 89, 96, 96]

State: [0.5081863975524898, 1.052745180130005, -0.1396047650547105]
Control: [87, 89, 96, 96]

State: [0.48316389083862266, 1.0586893129348756, -0.13585001445641018]
Control: [87, 89, 96, 96]

State: [0.4568634605407711, 1.0645465421676636, -0.13108108211000793]
Control: [87, 89, 96, 96]

State: [0.4302807426452633, 1.0712469387054444, -0.12495876065935055]
Control: [87, 89, 96, 96]

State: [0.4036756134033199, 1.0784760284423829, -0.11792444881986547]
Control: [87, 89, 96, 96]

State: [0.37564903259277305, 1.0857448148727418, -0.1103966348132759]
Control: [87, 89, 96, 96]

State: [0.34872060775756797, 1.0926575231552125, -0.10156580477764596]
Control: [87, 89, 96, 96]

State: [0.32049184799194297, 1.099745945930481, -0.09113559147157047]
Control: [87, 89, 96, 96]

State: [0.29255157470703086, 1.106318907737732, -0.081078674842835]
Control: [87, 89, 96, 96]

State: [0.2651968574523922, 1.1121260690689088, -0.07022040040629982]
Control: [87, 89, 96, 96]

State: [0.23480087280273398, 1.1184379625320435, -0.05795256637811014]
Control: [87, 89, 95, 95]

State: [0.20668607711791953, 1.1247481870651246, -0.04488539100921124]
Control: [87, 89, 95, 95]

State: [0.1785293197631832, 1.1320904064178468, -0.03130785055140779]
Control: [87, 89, 95, 95]

State: [0.1508660888671871, 1.1398326921463013, -0.01594648776539717]
Control: [87, 89, 95, 95]

State: [0.1238270378112789, 1.1473744678497315, -9.021388379486165, -5.0]
Control: [77, 109, 86, 86]

State: [0.09856372833251914, 1.1530010271072388, 0.021788860843855524]
Control: [91, 87, 95, 95]

State: [0.07596355438232383, 1.1558157968521119, 0.062026501210635014]
Control: [90, 88, 95, 95]

State: [0.060106334686278906, 1.1580001878738404, 0.08773969977541864]
Control: [90, 88, 95, 95]

State: [0.028213558197021094, 1.1617668437957764, 0.13736884834606633]
Control: [89, 87, 95, 95]

State: [0.0045238113403316405, 1.1636175680160523, 0.17268549239696201]
Control: [89, 87, 95, 95]

State: [-0.017868938446045313, 1.165059404373169, 0.20410325969630286]
Control: [90, 86, 95, 95]

State: [-0.04286569595336953, 1.1664053964614869, 0.23645910358301525]
Control: [90, 86, 95, 95]

State: [-0.06492036819458047, 1.1665057706832886, 0.2628690800155413]
Control: [90, 86, 95, 95]

State: [-0.0876755142211918, 1.1683426666259766, 0.2886811803711425]
Control: [90, 86, 95, 95]

State: [-0.11312431335449258, 1.170420961380005, 0.31490759457288786]
Control: [90, 86, 95, 95]

State: [-0.13623184204101602, 1.1714417505264283, 0.33693858095781115]
Control: [91, 87, 95, 95]

State: [-0.15941328048706094, 1.172571496963501, 0.3576913198233053]
Control: [91, 87, 95, 95]

State: [-0.18185085296630898, 1.1724769639968873, 0.37726281864713157]
Control: [91, 87, 95, 95]

State: [-0.20153421401977578, 1.1720017957687379, 0.3944196479010482]
Control: [91, 87, 95, 95]

State: [-0.2231263542175297, 1.171056227684021, 0.4120585588564245]
Control: [92, 86, 95, 95]

State: [-0.24486392974853555, 1.1708814668655396, 0.43069460902484025]
Control: [92, 86, 95, 95]

State: [-0.2662381553649906, 1.1711495685577393, 0.44601694206416315]
Control: [92, 86, 95, 95]

State: [-0.28629106521606484, 1.1724863815307618, 0.46116502894004024]
Control: [92, 86, 96, 96]

State: [-0.30655712127685586, 1.1715683507919312, 0.4748061215745895]
Control: [92, 86, 96, 96]

State: [-0.327943267822266, 1.170466856956482, 0.48648248254376963]
Control: [92, 86, 96, 96]

State: [-0.3496865653991703, 1.166987614631653, 0.5000937794651554]
Control: [92, 86, 96, 96]

State: [-0.37142223358154336, 1.1624483633041383, 0.5135203835811377]
Control: [92, 86, 96, 96]

State: [-0.3942870521545414, 1.1579436826705933, 0.5269708073017978]
Control: [92, 86, 96, 96]

State: [-0.4154815101623539, 1.153856830596924, 0.5376793895410084]
Control: [94, 88, 96, 96]

State: [-0.4416770362854008, 1.1493683624267579, 0.5504731765385448]
Control: [94, 88, 96, 96]

State: [-0.4655632400512699, 1.1433907318115235, 0.5594407095972885]
Control: [94, 88, 96, 96]

State: [-0.489320220947266, 1.1368380355834962, 0.5668500502213769]
Control: [94, 88, 96, 96]

State: [-0.5123199844360355, 1.130217628479004, 0.5716930696705183]
Control: [94, 88, 96, 96]

State: [-0.5359968566894535, 1.121803002357483, 0.574537150205398]
Control: [94, 88, 96, 96]

State: [-0.5575823211669926, 1.114131646156311, 0.5745625111408323]
Control: [94, 88, 96, 96]

State: [-0.5822500610351566, 1.1052374410629273, 0.5756532222824173]
Control: [95, 89, 96, 96]

State: [-0.6067857170104984, 1.095805721282959, 0.5743777600582448]
Control: [95, 89, 96, 96]

State: [-0.6297172927856449, 1.086652593612671, 0.5714954444137808]
Control: [95, 89, 96, 96]

State: [-0.6523703956604008, 1.0756841468811036, 0.5664868770697182]
Control: [95, 89, 96, 96]

State: [-0.6744622611999516, 1.0642531681060792, 0.5600613000721146]
Control: [95, 89, 96, 96]

State: [-0.6962747001647953, 1.0518749523162843, 0.552427656700474]
Control: [96, 90, 96, 96]

State: [-0.7178043746948246, 1.0394906568527222, 0.5425225177663234]
Control: [96, 90, 96, 96]

State: [-0.7399129295349125, 1.026318030357361, 0.5316060298146923]
Control: [96, 90, 96, 96]

State: [-0.7609438323974613, 1.0113194751739503, 0.5183906972477471]
Control: [96, 90, 96, 96]

State: [-0.7821487808227543, 0.9951035547256469, 0.5031713449359698]
Control: [96, 90, 96, 96]

State: [-0.8027648353576664, 0.9777841138839721, 0.4856404345860578]
Control: [96, 90, 95, 95]

State: [-0.8249692344665531, 0.9593426752090454, 0.46524944514830674]
Control: [97, 91, 95, 95]

State: [-0.8474521064758305, 0.9410740900039672, 0.4430498499307627]
Control: [97, 91, 95, 95]

State: [-0.8701018714904789, 0.921987133026123, 0.41745961901196416]
Control: [97, 91, 95, 95]

State: [-0.8920759582519535, 0.9034940767288208, 0.3904428885151971]
Control: [96, 92, 95, 95]

State: [-0.9143204116821293, 0.8841843175888061, 0.36085880434681533]
Control: [96, 92, 94, 94]

State: [-0.9360284233093266, 0.8650821018218994, 0.3300756232172026]
Control: [97, 93, 94, 94]

State: [-0.9563736343383793, 0.8470406103134155, 0.3001578039859456]
Control: [97, 93, 94, 94]

State: [-0.9755978012084965, 0.8289797472953796, 0.26823329222922565]
Control: [97, 93, 93, 93]

State: [-0.9947299385070805, 0.8101886081695556, 0.23629604057422754]
Control: [97, 93, 93, 93]

State: [-1.012426795959473, 0.7913409638404846, 0.20407722829676062]
Control: [97, 93, 93, 93]

State: [-1.0296019935607914, 0.7727884221076965, 0.17143973353805106]
Control: [97, 95, 93, 93]

State: [-1.0465163612365727, 0.7538048195838928, 0.13834365125185755]
Control: [97, 95, 92, 92]

State: [-1.062414588928223, 0.7342587280273437, 0.10665683786295646]
Control: [97, 95, 92, 92]

State: [-1.0765566253662113, 0.714348452091217, 0.07531934923246254]
Control: [97, 95, 92, 92]

State: [-1.089805068969727, 0.6945873665809631, 0.04557756667304663]
Control: [97, 95, 91, 91]

State: [-1.1021394157409672, 0.6747076082229614, 0.016754090115439824]
Control: [97, 95, 91, 91]

State: [-1.1152367019653324, 0.6539637017250061, -0.013346637660623344]
Control: [95, 97, 91, 91]

State: [-1.1273049736022953, 0.6332079339027404, -0.0415133990698977]
Control: [95, 97, 91, 91]

State: [-1.1388105773925785, 0.6111701297760009, -0.06622637751351529]
Control: [95, 97, 89, 89]

State: [-1.1499924087524418, 0.5881712007522583, -0.08844329214958901]
Control: [95, 97, 89, 89]

State: [-1.1610407257080082, 0.5651993918418884, -0.10771842194321647]
Control: [95, 97, 89, 89]

State: [-1.1721529388427738, 0.541941659450531, -0.12396017494504909]
Control: [95, 97, 89, 89]

State: [-1.183407249450684, 0.5169741082191467, -0.13855005846906893]
Control: [95, 97, 89, 89]

State: [-1.1938990974426273, 0.49167026758193966, -0.15072514907393947]
Control: [95, 97, 88, 88]

State: [-1.2028393173217777, 0.4673338103294372, -0.15974894509551518]
Control: [95, 97, 88, 88]

State: [-1.2114338302612309, 0.4411672520637512, -0.1661140845562997]
Control: [95, 97, 88, 88]

State: [-1.2176436805725102, 0.4196251797676086, -0.16988009197389953]
Control: [95, 97, 88, 88]

State: [-1.2250718498229984, 0.3936476874351501, -0.17217335544320517]
Control: [95, 97, 88, 88]

State: [-1.2325209999084477, 0.36766185045242306, -0.17297717057373316]
Control: [95, 97, 88, 88]

State: [-1.2421669387817387, 0.3344358372688293, -0.17173602297384644]
Control: [95, 97, 88, 88]

State: [-1.2498130226135258, 0.3073454070091247, -0.17026292212042568]
Control: [95, 97, 88, 88]

State: [-1.2565245056152348, 0.27956749677658077, -0.16714236961695855]
Control: [95, 97, 87, 87]

State: [-1.2620243453979496, 0.25165094614028927, -0.1615295148863859]
Control: [95, 97, 87, 87]

State: [-1.2659944915771488, 0.22526915550231932, -0.15465074796352934]
Control: [95, 97, 87, 87]

State: [-1.2711133384704594, 0.19687511205673217, -0.1475829491317155]
Control: [94, 96, 87, 87]

State: [-1.2761706733703617, 0.16828476071357726, -0.13748286622721928]
Control: [94, 96, 87, 87]

State: [-1.2812127494812016, 0.13951005220413207, -0.12510257742765402]
Control: [94, 96, 87, 87]

State: [-1.2863487625122074, 0.11084799647331237, -0.11309747883162642]
Control: [94, 96, 87, 87]

State: [-1.2923898124694828, 0.07809733033180236, -0.09915737405711966]
Control: [94, 96, 87, 87]

State: [-1.295782508850098, 0.04880429983139037, -0.08500510974319071]
Control: [94, 96, 87, 87]

State: [-1.29905933380127, 0.018750833272933948, -0.06946307536122995]
Control: [94, 96, 87, 87]

State: [-1.3016080284118656, -0.004809258580207837, -0.056788425278604254]
Control: [94, 96, 87, 87]

State: [-1.3037809753417973, -0.03165766417980195, -0.04007279395232851]
Control: [94, 96, 87, 87]

State: [-1.3057174110412602, -0.06273456484079362, -0.019443202319842857]
Control: [94, 96, 87, 87]

State: [-1.3068198585510258, -0.09045894265174867, 0.0008668551031632963]
Control: [96, 94, 87, 87]

State: [-1.3062714958190922, -0.11718026369810106, 0.020891648511949364]
Control: [96, 94, 87, 87]

State: [-1.3053383255004887, -0.14367840074002744, 0.039766840940670095]
Control: [96, 94, 87, 87]

State: [-1.3034595870971684, -0.17027014582883568, 0.05688989169181042]
Control: [96, 94, 86, 86]

State: [-1.3010944747924809, -0.19490373700857164, 0.07130196699030297]
Control: [96, 94, 86, 86]

State: [-1.2991337203979496, -0.21462041333317758, 0.08223218473799083]
Control: [96, 94, 86, 86]

State: [-1.2944716835021977, -0.24268724590539933, 0.09552883184829333]
Control: [96, 94, 86, 86]

State: [-1.2884902381896977, -0.2671862524747849, 0.10608265734985504]
Control: [96, 94, 86, 86]

State: [-1.281302871704102, -0.29233021110296253, 0.11496622061180513]
Control: [96, 94, 86, 86]

State: [-1.2734026336669926, -0.3155554217100144, 0.12139522353426402]
Control: [96, 94, 86, 86]

State: [-1.2658829116821293, -0.336783019900322, 0.12725526354428698]
Control: [96, 94, 86, 86]

State: [-1.2594255828857426, -0.357236100435257, 0.13270957697684815]
Control: [96, 94, 86, 86]

State: [-1.2502636337280277, -0.3845487815141678, 0.13567457473933323]
Control: [96, 94, 86, 86]

State: [-1.242412033081055, -0.40689460754394535, 0.13669367120187098]
Control: [96, 94, 86, 86]

State: [-1.2326173210144047, -0.43106846332550053, 0.13894280837808248]
Control: [96, 94, 86, 86]

State: [-1.2230858230590824, -0.45449141979217533, 0.1372046273509235]
Control: [96, 94, 86, 86]

State: [-1.2131184959411625, -0.47953755974769596, 0.1380445591558207]
Control: [96, 94, 86, 86]

State: [-1.202701511383057, -0.5034585726261139, 0.13472986887637103]
Control: [96, 94, 86, 86]

State: [-1.1919183158874516, -0.5265053045749665, 0.13064984342338676]
Control: [95, 93, 86, 86]

State: [-1.179864826202393, -0.5513627064228058, 0.12471385112982541]
Control: [95, 93, 86, 86]

State: [-1.1678423309326176, -0.5737547111511231, 0.1174034984018436]
Control: [95, 93, 85, 85]

State: [-1.1550878906250004, -0.5953925383090973, 0.11029729016894509]
Control: [95, 93, 85, 85]

State: [-1.140933933258057, -0.6151295137405396, 0.10353439621396189]
Control: [95, 93, 85, 85]

State: [-1.1261944198608402, -0.6340747904777527, 0.09652270389155335]
Control: [95, 93, 85, 85]

State: [-1.1110066795349125, -0.6521438789367676, 0.0893823741490348]
Control: [95, 93, 85, 85]

State: [-1.0948213958740238, -0.6696527433395386, 0.08226823720629142]
Control: [95, 93, 85, 85]

State: [-1.0778865242004398, -0.6879820060729981, 0.07224421820750551]
Control: [95, 93, 85, 85]

State: [-1.0619091415405277, -0.7040690016746521, 0.06043422495160015]
Control: [95, 93, 85, 85]

State: [-1.0448560142517094, -0.7201677989959717, 0.04989897659862736]
Control: [95, 93, 85, 85]

State: [-1.0269879722595219, -0.7368033361434937, 0.03803141952313482]
Control: [95, 93, 85, 85]

State: [-1.010945262908936, -0.7520715427398682, 0.026885036305979035]
Control: [95, 93, 85, 85]

State: [-0.995334568023682, -0.7669615578651429, 0.013518310569824842]
Control: [95, 93, 85, 85]

State: [-0.9784826660156254, -0.7826075387001038, -0.0004911318126318763]
Control: [93, 95, 85, 85]

State: [-0.9632958793640141, -0.7964980435371399, -0.013733121300711628]
Control: [93, 95, 85, 85]

State: [-0.946203651428223, -0.8137064409255982, -0.026014126003933723]
Control: [93, 95, 85, 85]

State: [-0.9295687103271488, -0.8292550873756409, -0.03634518588940759]
Control: [92, 94, 84, 84]

State: [-0.9123792076110844, -0.845520122051239, -0.03862952625736811]
Control: [92, 94, 84, 84]

State: [-0.8949641609191898, -0.8600855898857117, -0.03759037046286551]
Control: [92, 94, 84, 84]

State: [-0.8780264282226566, -0.8740584683418274, -0.03328305360815046]
Control: [92, 94, 84, 84]

State: [-0.8606285476684574, -0.8863683772087098, -0.028184963117305815]
Control: [92, 94, 84, 84]

State: [-0.8425125503540043, -0.8983445596694947, -0.01980567678771882]
Control: [92, 94, 84, 84]

State: [-0.8214005851745609, -0.9097813796997071, -0.01153564222004264]
Control: [92, 94, 84, 84]

State: [-0.8016924285888676, -0.9196952414512635, -0.0016232220294167925]
Control: [93, 95, 84, 84]

State: [-0.7784451866149906, -0.9313298296928406, 0.010047344968609947]
Control: [95, 93, 84, 84]

State: [-0.7564935111999516, -0.9422002863883973, 0.020706874775562753]
Control: [95, 93, 84, 84]

State: [-0.7346920394897465, -0.953142626285553, 0.029540990405793405]
Control: [95, 93, 84, 84]

State: [-0.7127570533752445, -0.9638363552093506, 0.036234354558041824]
Control: [95, 93, 84, 84]

State: [-0.689292373657227, -0.9741869401931763, 0.04138109780976997]
Control: [95, 93, 84, 84]

State: [-0.6658462905883793, -0.9846525025367737, 0.044923999656770866]
Control: [95, 93, 84, 84]

State: [-0.642081680297852, -0.9947445225715638, 0.04637806580065197]
Control: [95, 93, 84, 84]

State: [-0.6185249710083012, -1.004989607334137, 0.046994010814281936]
Control: [95, 93, 84, 84]

State: [-0.5939525985717777, -1.015624566078186, 0.04637795456670886]
Control: [94, 92, 84, 84]

State: [-0.5700048828125004, -1.0255635213851928, 0.044290865323648836]
Control: [94, 92, 84, 84]

State: [-0.5449828529357914, -1.0353795719146728, 0.04113940644408605]
Control: [94, 92, 84, 84]

State: [-0.5200170898437504, -1.044409556388855, 0.037108010589097275]
Control: [94, 92, 84, 84]

State: [-0.4941100502014164, -1.053122146129608, 0.03270547361279061]
Control: [94, 92, 84, 84]

State: [-0.468171539306641, -1.0613326859474181, 0.02586850433678428]
Control: [94, 92, 85, 85]

State: [-0.4429768943786625, -1.0691394639015197, 0.015808351726389443]
Control: [94, 92, 85, 85]

State: [-0.41791385650634805, -1.0769861769676208, 0.0073102510990165825]
Control: [94, 92, 85, 85]

State: [-0.3942870521545414, -1.0846989583969116, -0.0008188812187901831]
Control: [92, 94, 84, 84]

State: [-0.370118560791016, -1.0922432374954223, -0.006786236999141902]
Control: [92, 94, 84, 84]

State: [-0.34524959564209023, -1.0988598299026489, -0.00970830523530352]
Control: [91, 93, 84, 84]

State: [-0.3207120323181156, -1.1050945949554443, -0.01100843874699764]
Control: [91, 93, 84, 84]

State: [-0.2947220230102543, -1.1118650865554809, -0.012170535215723784]
Control: [91, 93, 85, 85]

State: [-0.27003997802734414, -1.1187812519073486, -0.011224077785329713]
Control: [91, 93, 85, 85]

State: [-0.24466318130493203, -1.1261408758163451, -0.010030842043320441]
Control: [91, 93, 85, 85]

State: [-0.2217554473876957, -1.1322208476066589, -0.005532797407037219]
Control: [91, 93, 85, 85]

State: [-0.19808048248291055, -1.1384780836105346, 0.0002796429841748125]
Control: [93, 91, 85, 85]

State: [-0.17465824127197305, -1.1448015403747558, 0.010119824307558445]
Control: [93, 91, 85, 85]

State: [-0.1514443778991703, -1.1508072447776794, 0.018074683597076136]
Control: [92, 90, 85, 85]

State: [-0.12902015686035195, -1.1568465662002563, 0.028032109468480722]
Control: [92, 90, 84, 84]

State: [-0.10612529754638711, -1.1624908876419067, 0.037548867333546704]
Control: [92, 90, 84, 84]

State: [-0.08479351043701211, -1.1676677298545837, 0.04963293402699048]
Control: [92, 90, 84, 84]

State: [-0.06473344802856484, -1.1722801160812377, 0.058774230107888396]
Control: [92, 90, 84, 84]

State: [-0.04001468658447305, -1.176352424621582, 0.06882506377377398]
Control: [92, 90, 84, 84]

State: [-0.012162628173828516, -1.1800561380386352, 0.0791835860344929]
Control: [92, 90, 84, 84]

State: [0.012746868133544531, -1.182134552001953, 0.08488657836076964]
Control: [92, 90, 84, 84]

State: [0.03973203659057578, -1.1842264366149902, 0.09117237494978134]
Control: [92, 90, 84, 84]

State: [0.06646591186523398, -1.1855497789382934, 0.09432399703415012]
Control: [90, 88, 85, 85]

State: [0.09397321701049766, -1.1860470008850097, 0.09678453190644684]
Control: [90, 88, 85, 85]

State: [0.12006622314453086, -1.1853850317001342, 0.09605819409659665]
Control: [90, 88, 85, 85]

State: [0.14713769912719687, -1.1842586231231689, 0.09558024945246943]
Control: [90, 88, 85, 85]

State: [0.17328458786010703, -1.183604164123535, 0.09362155149186047]
Control: [90, 88, 85, 85]

State: [0.19892459869384727, -1.182946844100952, 0.09221487654211956]
Control: [90, 88, 85, 85]

State: [0.2256804084777828, -1.1825166177749633, 0.087385400893022]
Control: [89, 87, 85, 85]

State: [0.25064664840698203, -1.1822795104980468, 0.0840212684686372]
Control: [89, 87, 85, 85]

State: [0.2753949737548824, -1.1818868350982665, 0.08262452361635109]
Control: [89, 87, 85, 85]

State: [0.3000832176208492, -1.1806449127197265, 0.07734656100924507]
Control: [89, 87, 85, 85]

State: [0.32482534408569297, -1.1791971158981323, 0.07537029990453152]
Control: [89, 87, 85, 85]

State: [0.3499031639099117, -1.1783975791931152, 0.07424308104060617]
Control: [88, 86, 85, 85]

State: [0.37480693817138633, -1.1771291923522949, 0.0712717306256533]
Control: [88, 86, 85, 85]

State: [0.40008169174194297, -1.175321979522705, 0.06751795838988632]
Control: [88, 86, 85, 85]

State: [0.42558961868286094, -1.1727364492416381, 0.06247925084887789]
Control: [88, 86, 85, 85]

State: [0.44639068603515586, -1.1701043081283569, 0.058640628934324125]
Control: [88, 86, 85, 85]

State: [0.47602087020873984, -1.164586706161499, 0.05200032592487507]
Control: [87, 85, 86, 86]

State: [0.5004053688049312, -1.1587195229530334, 0.04465953178610595]
Control: [87, 85, 86, 86]

State: [0.5256114578247066, -1.1509181690216064, 0.0356233429409581]
Control: [87, 85, 86, 86]

State: [0.5502539253234859, -1.1427442264556884, 0.02620703974715401]
Control: [87, 85, 86, 86]

State: [0.5749824619293209, -1.1342878174781799, 0.015143921687156602]
Control: [87, 85, 86, 86]

State: [0.5975311374664303, -1.125887496471405, 0.004147679903963693]
Control: [87, 85, 86, 86]

State: [0.6203840351104732, -1.1169699263572692, -0.00814334123334389]
Control: [84, 86, 86, 86]

State: [0.6439607715606686, -1.1065820288658141, -0.022099076967087662]
Control: [84, 86, 86, 86]

State: [0.6651468849182125, -1.0969108176231384, -0.03257297258001547]
Control: [84, 86, 87, 87]

State: [0.6880751228332516, -1.0861261320114135, -0.04259408970435327]
Control: [84, 86, 87, 87]

State: [0.7096176719665523, -1.075007004737854, -0.05040392914242671]
Control: [84, 86, 87, 87]

State: [0.7302365875244137, -1.0636799764633178, -0.05599857004829008]
Control: [84, 86, 87, 87]

State: [0.7510262107849117, -1.0513322782516479, -0.060431535075204004]
Control: [84, 86, 87, 87]

State: [0.771274147033691, -1.0383657646179199, -0.06334817684600672]
Control: [83, 85, 87, 87]

State: [0.7896802997589107, -1.0254977774620055, -0.06510172567969487]
Control: [83, 85, 87, 87]

State: [0.8088353252410885, -1.0121558141708373, -0.06073469629173156]
Control: [83, 85, 87, 87]

State: [0.8259564018249508, -1.0006121230125427, -0.05799123259639333]
Control: [83, 85, 87, 87]

State: [0.8459053611755367, -0.9872785043716431, -0.04927438126045784]
Control: [83, 85, 87, 87]

State: [0.8641005134582516, -0.9740500283241272, -0.041728632624154334]
Control: [83, 85, 87, 87]

State: [0.8835306739807125, -0.9583825302124024, -0.032354625843478126]
Control: [83, 85, 88, 88]

State: [0.901696977615356, -0.9421748352050782, -0.0241300823025481]
Control: [83, 85, 88, 88]

State: [0.919446287155151, -0.9248019289970398, -0.014106279947451615]
Control: [83, 85, 88, 88]

State: [0.9373791790008541, -0.9055446815490723, -0.0033723942583809706]
Control: [83, 85, 88, 88]

State: [0.9539466476440426, -0.8868353199958802, 0.008101302536564768]
Control: [85, 83, 88, 88]

State: [0.9700785255432125, -0.8680761885643006, 0.02269830230669512]
Control: [85, 83, 88, 88]

State: [0.9844928359985348, -0.8487182092666626, 0.03442240072931267]
Control: [85, 83, 88, 88]

State: [0.9984763240814205, -0.8278233242034913, 0.044810696593691794]
Control: [85, 83, 88, 88]

State: [1.0107894515991207, -0.8072608542442322, 0.052665965364796924]
Control: [85, 83, 88, 88]

State: [1.023194131851196, -0.7843766045570374, 0.06004941008666144]
Control: [85, 83, 88, 88]

State: [1.0341108417510982, -0.76360671043396, 0.06556605308998216]
Control: [85, 83, 88, 88]

State: [1.0450399494171139, -0.7409770321846009, 0.06977915055054709]
Control: [85, 83, 88, 88]

State: [1.0561383342742916, -0.7184212636947632, 0.07597670468974882]
Control: [85, 83, 88, 88]

State: [1.0657137012481686, -0.6975487303733826, 0.0781483220018969]
Control: [85, 83, 88, 88]

State: [1.075085935592651, -0.6759928894042969, 0.08099069885452104]
Control: [85, 83, 88, 88]

State: [1.0842400169372555, -0.6548963022232056, 0.08224841589068357]
Control: [84, 82, 88, 88]

State: [1.0935638523101803, -0.6330335867404938, 0.0833943428979374]
Control: [84, 82, 88, 88]

State: [1.102082548141479, -0.6118539702892304, 0.08102587254938905]
Control: [84, 82, 88, 88]

State: [1.1107404804229732, -0.5914436411857605, 0.07997450497836098]
Control: [84, 82, 88, 88]

State: [1.1201518154144283, -0.5681240391731263, 0.0726463364472923]
Control: [84, 82, 88, 88]

State: [1.128707704544067, -0.5447954070568085, 0.06542275092133393]
Control: [84, 82, 88, 88]

State: [1.136445341110229, -0.5215786230564118, 0.05823408121499769]
Control: [84, 82, 88, 88]

State: [1.1447117900848385, -0.4956866037845612, 0.04954166185127882]
Control: [84, 82, 88, 88]

State: [1.1526706790924068, -0.46923480749130253, 0.04000450448142269]
Control: [84, 82, 89, 89]

State: [1.1606910800933834, -0.44266609668731693, 0.029431503334067473]
Control: [84, 82, 89, 89]

State: [1.1681895828247066, -0.41521501362323765, 0.017433567188808976]
Control: [84, 82, 89, 89]

State: [1.1750438785552975, -0.38753971278667454, 0.004059739300783519]
Control: [84, 82, 89, 89]

State: [1.1809502220153805, -0.3598845732212067, -0.010460548935469372]
Control: [83, 85, 89, 89]

State: [1.1862116432189937, -0.3327402305603028, -0.025228834068991655]
Control: [83, 85, 89, 89]

State: [1.191001234054565, -0.3063582015037537, -0.03813248763231432]
Control: [83, 85, 91, 91]

State: [1.195766506195068, -0.27971546173095707, -0.04949215503602818]
Control: [83, 85, 91, 91]

State: [1.200576839447021, -0.25226443827152256, -0.05925446084662895]
Control: [83, 85, 91, 91]

State: [1.2058392143249508, -0.22415911972522737, -0.06739147194076923]
Control: [83, 85, 91, 91]

State: [1.2107751941680904, -0.1971054431796074, -0.07358387455321658]
Control: [83, 85, 91, 91]

State: [1.2150898551940914, -0.16813993182033302, -0.07886959153199644]
Control: [83, 85, 91, 91]

State: [1.2181354141235348, -0.14407105751335622, -0.08203543341010958]
Control: [83, 85, 91, 91]

State: [1.2217226600646969, -0.11170001149177552, -0.08304660401956453]
Control: [83, 85, 92, 92]

State: [1.2249873256683346, -0.08515310108661653, -0.07993856369164623]
Control: [83, 85, 92, 92]

State: [1.228537855148315, -0.05833728432655336, -0.07641420056674071]
Control: [83, 85, 92, 92]

State: [1.2317929840087887, -0.03321622133255006, -0.06941863032223387]
Control: [83, 85, 92, 92]

State: [1.2346778488159176, -0.00635753393173219, -0.06165713984229217]
Control: [83, 85, 92, 92]

State: [1.2371807670593258, 0.02123539328575133, -0.05367473869069325]
Control: [84, 86, 92, 92]

State: [1.2394471740722652, 0.04918179094791411, -0.045141699786781814]
Control: [84, 86, 92, 92]

State: [1.2406044578552242, 0.07641142785549163, -0.03643569012717825]
Control: [84, 86, 92, 92]

State: [1.2413492774963375, 0.10438801527023314, -0.02730775171032445]
Control: [84, 86, 92, 92]

State: [1.2415433502197262, 0.13122935771942137, -0.017839924757788856]
Control: [84, 86, 93, 93]

State: [1.241434869766235, 0.15948210835456847, -0.007920810129960336]
Control: [84, 86, 93, 93]

State: [1.2400596714019771, 0.185905681848526, 0.001748059890002819]
Control: [86, 84, 93, 93]

State: [1.2375572299957271, 0.21276782631874083, 0.012051255794364934]
Control: [86, 84, 93, 93]

State: [1.2339671230316158, 0.24050806641578673, 0.020985044522083236]
Control: [86, 84, 93, 93]

State: [1.2304246997833248, 0.2672619986534118, 0.027848249957857327]
Control: [86, 84, 93, 93]

State: [1.2266204929351803, 0.2943866419792175, 0.03335168115266389]
Control: [86, 84, 93, 93]

State: [1.222504434585571, 0.32065703153610225, 0.03744972036143051]
Control: [86, 84, 93, 93]

State: [1.217354116439819, 0.3476484584808349, 0.04006306979258979]
Control: [86, 84, 93, 93]

State: [1.2113087749481197, 0.37460966587066646, 0.04137248535367852]
Control: [86, 84, 93, 93]

State: [1.2047889804840084, 0.40176959514617916, 0.041522361985809]
Control: [87, 85, 94, 94]

State: [1.198309001922607, 0.4281362462043762, 0.040757205044621825]
Control: [87, 85, 94, 94]

State: [1.191564378738403, 0.4539409446716308, 0.039036076541638744]
Control: [87, 85, 94, 94]

State: [1.1838815784454342, 0.48163850784301754, 0.03566545029752692]
Control: [87, 85, 94, 94]

State: [1.1759451007843014, 0.5070620942115783, 0.03166702856228943]
Control: [87, 85, 94, 94]

State: [1.1670740222930904, 0.5299740600585937, 0.026554091723650322]
Control: [87, 85, 94, 94]

State: [1.1570735549926754, 0.5522902774810791, 0.02363285713761778]
Control: [87, 85, 94, 94]

State: [1.1474865055084225, 0.5712803769111633, 0.018814460749131415]
Control: [87, 85, 94, 94]

State: [1.1342974281311031, 0.5952481198310852, 0.01683924850646221]
Control: [87, 85, 94, 94]

State: [1.1217868900299068, 0.6167896556854248, 0.014057397685146666]
Control: [87, 85, 94, 94]

State: [1.10979133605957, 0.6369265484809875, 0.01057723667085401]
Control: [87, 85, 95, 95]

State: [1.0964439487457271, 0.6582263278961181, 0.005555702927289229]
Control: [88, 86, 95, 95]

State: [1.0828288173675533, 0.6784148383140564, 0.0006758930953837322]
Control: [88, 86, 95, 95]

State: [1.0708714103698727, 0.6947785782814025, -0.003233695343660033]
Control: [86, 88, 95, 95]

State: [1.054449138641357, 0.7155738639831543, -0.007956102943536894]
Control: [86, 88, 95, 95]

State: [1.0390074825286861, 0.7339903879165649, -0.011235862741290806]
Control: [86, 88, 95, 95]

State: [1.024161396026611, 0.7521532344818115, -0.012468113031078884]
Control: [86, 88, 95, 95]

State: [1.0090616321563717, 0.7698488402366638, -0.012467036335491972]
Control: [86, 88, 95, 95]

State: [0.9942594146728512, 0.7869295048713684, -0.011212486586760263]
Control: [86, 88, 95, 95]

State: [0.9778996086120602, 0.8044483232498169, -0.00849317369138969]
Control: [86, 88, 95, 95]

State: [0.9618740653991695, 0.8212399649620056, -0.004780712100953863]
Control: [86, 88, 95, 95]

State: [0.9455230808258053, 0.837796287536621, 0.0011849747237658737]
Control: [88, 86, 95, 95]

State: [0.9299963092803951, 0.8531844186782837, 0.007762202194537377]
Control: [88, 86, 95, 95]

State: [0.9128885841369625, 0.8691850471496582, 0.01411725126630593]
Control: [88, 86, 95, 95]

State: [0.8965218639373775, 0.8835676479339599, 0.019956901026520164]
Control: [88, 86, 95, 95]

State: [0.8792830085754391, 0.8977366256713867, 0.025649133181051772]
Control: [88, 86, 95, 95]

State: [0.8609049892425533, 0.9114228057861328, 0.031017771806122925]
Control: [88, 86, 95, 95]

State: [0.8428104496002193, 0.9244188833236694, 0.03521795217100759]
Control: [88, 86, 96, 96]

State: [0.8230114555358883, 0.9365735816955566, 0.04004150107612948]
Control: [88, 86, 96, 96]

State: [0.8014522171020504, 0.9492877292633056, 0.04355096939940118]
Control: [88, 86, 96, 96]

State: [0.7798948860168453, 0.9610548782348632, 0.045995581546937794]
Control: [88, 86, 96, 96]

State: [0.7593110179901119, 0.9717047977447509, 0.04817896845136002]
Control: [88, 86, 96, 96]

State: [0.7372882938385006, 0.9819908905029296, 0.05003772880483131]
Control: [88, 86, 96, 96]

State: [0.7153130149841305, 0.9918885993957519, 0.052030834778342014]
Control: [88, 86, 96, 96]

State: [0.6921244239807125, 1.0016220378875733, 0.05325633178051562]
Control: [88, 86, 96, 96]

State: [0.6687594032287594, 1.011561589241028, 0.05479452713151816]
Control: [88, 86, 96, 96]

State: [0.6460643386840816, 1.0215559768676759, 0.055920615871934684]
Control: [88, 86, 96, 96]

State: [0.6222529983520504, 1.031630473136902, 0.05635123374127352]
Control: [88, 86, 96, 96]

State: [0.5978434658050533, 1.041984395980835, 0.05668354643846626]
Control: [88, 86, 95, 95]

State: [0.5732510662078854, 1.0514189767837525, 0.05705126266350703]
Control: [88, 86, 95, 95]

State: [0.5489516830444332, 1.0607378053665162, 0.05767190942054296]
Control: [88, 86, 95, 95]

State: [0.5250921821594234, 1.0693958568572999, 0.05785993134653761]
Control: [88, 86, 95, 95]

State: [0.5022612190246578, 1.0779623556137086, 0.05761616630817674]
Control: [88, 86, 95, 95]

State: [0.4773541069030758, 1.0879342126846314, 0.05773783351629225]
Control: [88, 86, 95, 95]

State: [0.4529276466369625, 1.097628312110901, 0.05748899302237449]
Control: [89, 87, 95, 95]

State: [0.4285903549194332, 1.1069296169281007, 0.056988098912053815]
Control: [89, 87, 95, 95]

State: [0.4067273712158199, 1.1147158908843995, 0.05599259861335391]
Control: [89, 87, 95, 95]

State: [0.38091188430786094, 1.1230251359939576, 0.05447152393470362]
Control: [89, 87, 95, 95]

State: [0.35602766036987266, 1.1310643720626832, 0.052444606240155976]
Control: [89, 87, 95, 95]

State: [0.33119827270507773, 1.1386925745010377, 0.04983743815818315]
Control: [89, 87, 95, 95]

State: [0.3059826469421383, 1.1461143064498902, 0.04555478661378354]
Control: [89, 87, 95, 95]

State: [0.2812681770324703, 1.152667121887207, 0.041077298967752765]
Control: [89, 87, 95, 95]

State: [0.2557221031188961, 1.1588576602935792, 0.03636955932863926]
Control: [89, 87, 95, 95]

