State: [0.7665019607543941, -1.644879503250122, -3.127695042210664]
Control: [100, 100, 80, 80]

State: [0.7646976089477535, -1.6452665758132934, -3.1250845259962547]
Control: [100, 100, 80, 80]

State: [0.7599852657318111, -1.641092939376831, -3.1173314729406236]
Control: [100, 100, 80, 80]

State: [0.7515957927703854, -1.6351371240615844, -3.1095441109577475]
Control: [100, 100, 80, 80]

State: [0.7463129138946529, -1.6308519077301025, -3.1055761554646546]
Control: [100, 100, 80, 80]

State: [0.7301796054840084, -1.6172181797027587, -3.1013783868249902]
Control: [100, 100, 80, 80]

State: [0.7183943367004391, -1.606406373977661, -3.1030431927736877]
Control: [100, 100, 80, 80]

State: [0.697294769287109, -1.5868541431427001, -3.104554323613615]
Control: [100, 100, 80, 80]

State: [0.6770144081115719, -1.5685027074813842, -3.104646424997704]
Control: [100, 100, 80, 80]

State: [0.6605499362945553, -1.5542713832855224, -3.104764834252909]
Control: [100, 100, 80, 80]

State: [0.6404615020751949, -1.5353600215911865, -3.108875636591747]
Control: [100, 100, 80, 80]

State: [0.6102142906188961, -1.5089283418655395, -3.111984862488633]
Control: [100, 100, 80, 80]

State: [0.5874465084075924, -1.486659688949585, -3.1196056835699784]
Control: [100, 100, 80, 80]

State: [0.5765979862213131, -1.4754494857788085, -3.1254259980408214]
Control: [100, 100, 80, 80]

State: [0.5449176406860348, -1.4454150629043578, -3.131394710557158]
Control: [100, 100, 80, 80]

State: [0.5449176406860348, -1.4454150629043578, -3.131394710557158]
Control: [100, 100, 80, 80]

State: [0.5124512290954586, -1.4152644109725951, -3.1363515942552125]
Control: [100, 100, 80, 80]

State: [0.4608636474609371, -1.3699067068099975, -3.14019431065645]
Control: [100, 100, 80, 80]

State: [0.4430714225769039, -1.3545004558563232, -3.1410402351900397]
Control: [100, 100, 80, 80]

State: [0.40633207321166953, -1.3226116132736205, 3.141263726508211]
Control: [100, 100, 80, 80]

State: [0.37420087814331016, -1.2961157989501952, 3.140325621958747]
Control: [100, 100, 80, 80]

State: [0.37420087814331016, -1.2961157989501952, 3.140325621958747]
Control: [100, 100, 80, 80]

State: [0.30005603790283164, -1.2321258020401, 3.1399464763841256]
Control: [100, 100, 80, 80]

State: [0.2495751953124996, -1.1890414190292358, 3.1400253673786342]
Control: [100, 100, 80, 80]

State: [0.22409778594970664, -1.1655765604972839, 3.141053248577568]
Control: [100, 100, 80, 80]

State: [0.20803647994995078, -1.1503080558776855, -3.1399446469254024]
Control: [100, 100, 80, 80]

State: [0.14993768692016562, -1.095466477870941, -3.132196918317741]
Control: [100, 100, 80, 80]

State: [0.12790876388549766, -1.0740799140930175, -3.1271703757650338]
Control: [100, 100, 80, 80]

State: [0.10181289672851523, -1.049953145980835, -3.1228333800442614]
Control: [100, 100, 80, 80]

State: [0.05149465560913047, -1.0026489329338073, -3.114366289131356]
Control: [100, 100, 80, 80]

State: [0.02484374999999961, -0.9775946569442749, -3.1095668404192995]
Control: [100, 100, 80, 80]

State: [0.02484374999999961, -0.9775946569442749, -3.1095668404192995]
Control: [100, 100, 80, 80]

State: [-0.05080121994018594, -0.9063781929016114, -3.0883338445953403]
Control: [100, 100, 80, 80]

State: [-0.08497709274292031, -0.8754446339607239, -3.078969877818772]
Control: [100, 100, 80, 80]

State: [-0.11081117630004922, -0.8522665929794312, -3.0732644909388154]
Control: [100, 100, 80, 80]

State: [-0.14397424697876016, -0.8220035266876221, -3.065371233701431]
Control: [100, 100, 80, 80]

State: [-0.18946355819702188, -0.780373854637146, -3.0553410149232465]
Control: [100, 100, 80, 80]

State: [-0.21651405334472695, -0.7565790247917176, -3.051007673782204]
Control: [100, 100, 80, 80]

State: [-0.26707834243774453, -0.7098504734039307, -3.043221480184477]
Control: [100, 100, 81, 81]

State: [-0.29229015350341836, -0.6851881575584412, -3.0423191967151215]
Control: [100, 100, 81, 81]

State: [-0.3171524429321293, -0.6607881021499634, -3.0418309724844113]
Control: [100, 100, 81, 81]

State: [-0.34322208404541055, -0.6360361111164093, -3.0408735200498156]
Control: [100, 100, 81, 81]

State: [-0.3998708152771, -0.5790279638767243, -3.040186274898125]
Control: [100, 100, 82, 82]

State: [-0.43035263061523477, -0.5461034309864045, -3.0455934071854562]
Control: [100, 100, 82, 82]

State: [-0.43035263061523477, -0.5461034309864045, -3.0455934071854562]
Control: [100, 100, 82, 82]

State: [-0.43035263061523477, -0.5461034309864045, -3.0455934071854562]
Control: [100, 100, 82, 82]

State: [-0.43035263061523477, -0.5461034309864045, -3.0455934071854562]
Control: [100, 100, 82, 82]

State: [-0.43035263061523477, -0.5461034309864045, -3.0455934071854562]
Control: [100, 100, 82, 82]

State: [-0.43035263061523477, -0.5461034309864045, -3.0455934071854562]
Control: [100, 100, 82, 82]

State: [-0.43035263061523477, -0.5461034309864045, -3.0455934071854562]
Control: [100, 100, 82, 82]

State: [-0.43035263061523477, -0.5461034309864045, -3.0455934071854562]
Control: [100, 100, 82, 82]

State: [-0.43035263061523477, -0.5461034309864045, -3.0455934071854562]
Control: [100, 100, 82, 82]

State: [-0.43035263061523477, -0.5461034309864045, -3.0455934071854562]
Control: [100, 100, 82, 82]

State: [-0.43035263061523477, -0.5461034309864045, -3.0455934071854562]
Control: [100, 100, 82, 82]

State: [-0.43035263061523477, -0.5461034309864045, -3.0455934071854562]
Control: [100, 100, 82, 82]

State: [-0.43035263061523477, -0.5461034309864045, -3.0455934071854562]
Control: [100, 100, 82, 82]

State: [-0.43035263061523477, -0.5461034309864045, -3.0455934071854562]
Control: [100, 100, 82, 82]

State: [-0.43035263061523477, -0.5461034309864045, -3.0455934071854562]
Control: [100, 100, 82, 82]

State: [-0.43035263061523477, -0.5461034309864045, -3.0455934071854562]
Control: [100, 100, 82, 82]

State: [-0.43035263061523477, -0.5461034309864045, -3.0455934071854562]
Control: [100, 100, 82, 82]

State: [-0.43035263061523477, -0.5461034309864045, -3.0455934071854562]
Control: [100, 100, 82, 82]

State: [-0.43035263061523477, -0.5461034309864045, -3.0455934071854562]
Control: [100, 100, 82, 82]

State: [-0.43035263061523477, -0.5461034309864045, -3.0455934071854562]
Control: [100, 100, 82, 82]

State: [-0.43035263061523477, -0.5461034309864045, -3.0455934071854562]
Control: [100, 100, 82, 82]

State: [-0.43035263061523477, -0.5461034309864045, -3.0455934071854562]
Control: [100, 100, 82, 82]

State: [-0.43035263061523477, -0.5461034309864045, -3.0455934071854562]
Control: [100, 100, 82, 82]

State: [-0.43035263061523477, -0.5461034309864045, -3.0455934071854562]
Control: [100, 100, 82, 82]

State: [-0.43035263061523477, -0.5461034309864045, -3.0455934071854562]
Control: [100, 100, 82, 82]

State: [-0.43035263061523477, -0.5461034309864045, -3.0455934071854562]
Control: [100, 100, 82, 82]

State: [-0.43035263061523477, -0.5461034309864045, -3.0455934071854562]
Control: [100, 100, 82, 82]

State: [-0.43035263061523477, -0.5461034309864045, -3.0455934071854562]
Control: [100, 100, 82, 82]

State: [-0.43035263061523477, -0.5461034309864045, -3.0455934071854562]
Control: [100, 100, 82, 82]

State: [-0.43035263061523477, -0.5461034309864045, -3.0455934071854562]
Control: [100, 100, 82, 82]

State: [-0.43035263061523477, -0.5461034309864045, -3.0455934071854562]
Control: [100, 100, 82, 82]

State: [-0.43035263061523477, -0.5461034309864045, -3.0455934071854562]
Control: [100, 100, 82, 82]

State: [-0.43035263061523477, -0.5461034309864045, -3.0455934071854562]
Control: [100, 100, 82, 82]

State: [-0.43035263061523477, -0.5461034309864045, -3.0455934071854562]
Control: [100, 100, 82, 82]

State: [-0.43035263061523477, -0.5461034309864045, -3.0455934071854562]
Control: [100, 100, 82, 82]

State: [-0.43035263061523477, -0.5461034309864045, -3.0455934071854562]
Control: [100, 100, 82, 82]

State: [-0.43035263061523477, -0.5461034309864045, -3.0455934071854562]
Control: [100, 100, 82, 82]

State: [-0.43035263061523477, -0.5461034309864045, -3.0455934071854562]
Control: [100, 100, 82, 82]

State: [-0.43035263061523477, -0.5461034309864045, -3.0455934071854562]
Control: [100, 100, 82, 82]

State: [-0.43035263061523477, -0.5461034309864045, -3.0455934071854562]
Control: [100, 100, 82, 82]

