State: [0.6895561790466305, -2.196653528213501, 2.674947456620625]
Control: [100, 100, 80, 80]

State: [0.692764101028442, -2.1964997482299804, 2.625826537909311]
Control: [100, 100, 80, 80]

State: [0.7071879482269283, -2.1934851837158202, 2.47316738223289]
Control: [90, 98, 80, 80]

State: [0.7105947113037105, -2.1776711177825927, 2.445304323333864]
Control: [95, 100, 80, 80]

State: [0.7107663726806637, -2.160816831588745, 2.433280760285786]
Control: [96, 100, 80, 80]

State: [0.7094247913360592, -2.1395156812667846, 2.4289114914049983]
Control: [96, 100, 80, 80]

State: [0.7072148895263668, -2.1144477558135986, 2.431286553724373]
Control: [96, 100, 80, 80]

State: [0.7041240310668941, -2.0878168773651122, 2.440039554908118]
Control: [97, 100, 80, 80]

State: [0.7002614116668697, -2.0583363008499145, 2.4546588342844458]
Control: [97, 100, 80, 80]

State: [0.6954842185974117, -2.0256615114212035, 2.474594336750185]
Control: [98, 100, 80, 80]

State: [0.6900806999206539, -1.9907842111587524, 2.498227737629045]
Control: [99, 100, 80, 80]

State: [0.6838307952880855, -1.952823920249939, 2.525254386013465]
Control: [100, 100, 80, 80]

State: [0.6769226169586178, -1.9117342662811279, 2.5550126962219637]
Control: [100, 100, 80, 80]

State: [0.6695206737518307, -1.8701219987869262, 2.584350460974975]
Control: [100, 100, 80, 80]

State: [0.6633718585968014, -1.8357559871673583, 2.6082060692437947]
Control: [100, 100, 80, 80]

State: [0.6565051651000973, -1.79960147857666, 2.6322229891513524]
Control: [100, 100, 80, 80]

State: [0.644710597991943, -1.7351360750198364, 2.673529053378609]
Control: [100, 100, 80, 80]

State: [0.6361675834655758, -1.6891431045532226, 2.700858058598776]
Control: [100, 100, 80, 80]

State: [0.6241107559204098, -1.6277813148498534, 2.7364961716246956]
Control: [100, 100, 80, 80]

State: [0.6241107559204098, -1.6277813148498534, 2.7364961716246956]
Control: [100, 100, 80, 80]

State: [0.5991380786895748, -1.5115112495422363, 2.7978796640364627]
Control: [100, 100, 80, 80]

State: [0.5897245979309078, -1.469633264541626, 2.819034471028838]
Control: [100, 100, 80, 80]

State: [0.582283554077148, -1.4366432857513427, 2.8351821068237304]
Control: [100, 100, 80, 80]

State: [0.5721474266052242, -1.3936965894699096, 2.8552425386493283]
Control: [100, 100, 80, 80]

State: [0.5483904457092281, -1.3001873922348022, 2.896124615623865]
Control: [100, 100, 80, 80]

State: [0.5237613296508785, -1.210728449821472, 2.9351170428949325]
Control: [100, 100, 80, 80]

State: [0.5098867988586422, -1.1627892088890075, 2.9557567810777545]
Control: [100, 100, 80, 80]

State: [0.4916716194152828, -1.1035782527923583, 2.9816772366208033]
Control: [100, 100, 80, 80]

State: [0.47254234313964805, -1.0442462396621703, 3.0062934391693754]
Control: [100, 100, 80, 80]

State: [0.44698577880859336, -0.9720896315574646, 3.038103052667063]
Control: [100, 100, 80, 80]

State: [0.44118934631347617, -0.9561739993095398, 3.0447674676256713]
Control: [100, 100, 80, 80]

State: [0.44118934631347617, -0.9561739993095398, 3.0447674676256713]
Control: [100, 100, 80, 80]

State: [0.44118934631347617, -0.9561739993095398, 3.0447674676256713]
Control: [100, 100, 80, 80]

State: [0.44118934631347617, -0.9561739993095398, 3.0447674676256713]
Control: [100, 100, 80, 80]

State: [0.4357734298706051, -0.9414554071426392, 3.0509491261548525]
Control: [100, 100, 80, 80]

State: [0.339478549957275, -0.7067388725280762, -3.1303351289425603]
Control: [100, 100, 80, 80]

State: [0.339478549957275, -0.7067388725280762, -3.1303351289425603]
Control: [100, 100, 80, 80]

State: [0.3149710273742672, -0.6530485284328461, -3.10513178007849]
Control: [100, 100, 80, 80]

State: [0.31257205963134727, -0.6482570004463196, -3.1028052432688287]
Control: [100, 100, 80, 80]

State: [0.30504756927490195, -0.6325790715217591, -3.0951454468800743]
Control: [100, 100, 80, 80]

State: [0.1537924385070797, -0.35887591361999516, -2.9536800251875226]
Control: [100, 100, 84, 84]

State: [0.1141973114013668, -0.29278766930103306, -2.9287492719843775]
Control: [100, 100, 80, 80]

State: [0.07551294326782187, -0.22717075616121293, -2.910277528879642]
Control: [100, 100, 80, 80]

State: [0.0338450050354, -0.15977367859333755, -2.8865524421471354]
Control: [100, 100, 81, 81]

State: [0.004911956787108984, -0.1177352909743786, -2.8704568195359235]
Control: [100, 100, 81, 81]

State: [-0.045287075042725, -0.04843861430883409, -2.844501890977939]
Control: [100, 100, 83, 83]

State: [-0.09648269653320352, 0.0168922859430313, -2.8210719079708095]
Control: [100, 100, 83, 83]

State: [-0.13838905334472695, 0.06946611583232878, -2.802852915747503]
Control: [100, 100, 83, 83]

State: [-0.1838225746154789, 0.12502516984939574, -2.783582399943021]
Control: [100, 100, 84, 84]

State: [-0.21668619155883828, 0.1648172903060913, -2.769958122149796]
Control: [100, 100, 84, 84]

State: [-0.27191680908203164, 0.2307805585861206, -2.7490647301641804]
Control: [100, 100, 85, 85]

State: [-0.3174142265319828, 0.28447888970375057, -2.7321659516429313]
Control: [100, 100, 85, 85]

State: [-0.34876197814941445, 0.32213346838951107, -2.7209177833683764]
Control: [100, 100, 85, 85]

State: [-0.4045075798034672, 0.3900676536560058, -2.701919147341177]
Control: [100, 100, 86, 86]

State: [-0.44931739807128945, 0.4446427989006042, -2.687522031821919]
Control: [100, 100, 86, 86]

State: [-0.4922465705871586, 0.49778540611267086, -2.6746280864036747]
Control: [100, 100, 86, 86]

State: [-0.5368608856201176, 0.5538240838050842, -2.6608908723791322]
Control: [100, 99, 87, 87]

State: [-0.5796555900573734, 0.6074463295936584, -2.6491384720717597]
Control: [100, 99, 87, 87]

State: [-0.6140298271179203, 0.6514324116706848, -2.640816184701832]
Control: [100, 98, 87, 87]

State: [-0.6427940750122074, 0.6884451675415039, -2.634626969535814]
Control: [100, 98, 87, 87]

State: [-0.7097782516479496, 0.7758264708518982, -2.62319644654026]
Control: [100, 97, 87, 87]

State: [-0.7528271102905277, 0.8317561912536621, -2.620513288772698]
Control: [100, 97, 87, 87]

State: [-0.7961453819274906, 0.8881848621368408, -2.623458518990721]
Control: [100, 96, 87, 87]

State: [-0.8370861434936527, 0.9416122007369995, -2.6287919106832907]
Control: [100, 95, 87, 87]

State: [-0.880337181091309, 0.9978459644317627, -2.6387091513977343]
Control: [100, 95, 87, 87]

State: [-0.9235591316223148, 1.0539489555358887, -2.6515764919703004]
Control: [100, 94, 87, 87]

State: [-0.9647950553894047, 1.1085413265228272, -2.6728400604121223]
Control: [100, 94, 87, 87]

State: [-0.9810275459289555, 1.1298698949813843, -2.6825257127220743]
Control: [100, 94, 87, 87]

State: [-1.0199770355224613, 1.1810210514068604, -2.709516273434211]
Control: [99, 93, 87, 87]

State: [-1.0738453292846684, 1.2522666025161744, -2.75487009118134]
Control: [96, 93, 87, 87]

State: [-1.1182746315002445, 1.3104867506027222, -2.798514360052173]
Control: [96, 93, 87, 87]

State: [-1.1634568595886234, 1.3692757654190064, -2.845540260797854]
Control: [95, 93, 87, 87]

State: [-1.2014564895629887, 1.4177602100372315, -2.886250215456044]
Control: [95, 93, 87, 87]

State: [-1.2387341880798344, 1.4649794864654542, -2.9269038419290583]
Control: [93, 93, 87, 87]

State: [-1.2750968360900883, 1.51092942237854, -2.9671344869432708]
Control: [93, 93, 87, 87]

State: [-1.309952201843262, 1.5545469093322755, -3.0049845980614096]
Control: [93, 90, 87, 87]

State: [-1.352439346313477, 1.6077000665664674, -3.051982863872759]
Control: [93, 87, 87, 87]

State: [-1.3782824897766117, 1.6393165159225465, -3.0822883889932995]
Control: [93, 87, 87, 87]

State: [-1.4189314270019535, 1.687351303100586, -3.1312323582879906]
Control: [93, 87, 87, 87]

State: [-1.4429501914978031, 1.714458065032959, 3.1218203147949457]
Control: [93, 87, 87, 87]

State: [-1.4835490608215336, 1.7588769960403443, 3.0689710896570244]
Control: [87, 87, 87, 87]

State: [-1.4947013282775883, 1.7710172700881959, 3.0532796703783354]
Control: [87, 90, 87, 87]

State: [-1.5328049087524418, 1.810729341506958, 3.0020210908677996]
Control: [86, 90, 87, 87]

State: [-1.5717028999328617, 1.8493803310394288, 2.9512010819768015]
Control: [85, 93, 87, 87]

State: [-1.6021117591857914, 1.8781016635894776, 2.9152225648453918]
Control: [85, 93, 90, 90]

