State: [0.8072119331359859, -1.0146013331413268, -3.125540053761275]
Control: [80, 80, 100, 100]

State: [0.806695756912231, -1.0157003235816955, -3.128794418658116]
Control: [84, 84, 93, 93]

State: [0.8050323104858395, -1.0189885926246642, -3.138182395189533]
Control: [84, 84, 93, 93]

State: [0.8038149452209469, -1.0219461750984191, 3.1368233381465935]
Control: [83, 85, 93, 93]

State: [0.8015254116058346, -1.0283338856697082, 3.118070054739716]
Control: [83, 85, 93, 93]

State: [0.80136209487915, -1.0304957461357116, 3.1120485220060066]
Control: [83, 85, 93, 93]

State: [0.8062403774261471, -1.0771218967437743, 2.99758340143019]
Control: [82, 87, 93, 93]

State: [0.8085001087188717, -1.0986288619041442, 2.9663143825660185]
Control: [83, 87, 93, 93]

State: [0.8107438659667965, -1.115387303829193, 2.9504718896396445]
Control: [83, 87, 93, 93]

State: [0.8135791397094723, -1.1332827639579772, 2.939011395660766]
Control: [84, 87, 93, 93]

State: [0.8166995620727535, -1.150380117893219, 2.931371276492696]
Control: [84, 87, 93, 93]

State: [0.8194935894012447, -1.1654708218574523, 2.92667664447887]
Control: [84, 87, 93, 93]

State: [0.8246594047546383, -1.1919775438308715, 2.922244232799335]
Control: [84, 87, 93, 93]

State: [0.829949913024902, -1.2177246046066283, 2.9218847317663466]
Control: [84, 87, 93, 93]

State: [0.8346183872222896, -1.2399392557144164, 2.9244453012829292]
Control: [84, 87, 93, 93]

State: [0.8399956798553463, -1.2619015407562255, 2.9289185672858573]
Control: [85, 87, 93, 93]

State: [0.8439901447296139, -1.279798789024353, 2.933960676507911]
Control: [85, 87, 93, 93]

State: [0.8516886806488033, -1.3088540267944335, 2.9440599268252616]
Control: [85, 87, 93, 93]

State: [0.8565867519378658, -1.3249210548400878, 2.9482272142199104]
Control: [85, 87, 93, 93]

State: [0.8658278560638424, -1.3520504665374755, 2.9581687614952843]
Control: [85, 87, 90, 90]

State: [0.8742306804656979, -1.373839898109436, 2.969560837344611]
Control: [84, 90, 90, 90]

State: [0.8830495452880855, -1.3967541885375976, 2.982296316902578]
Control: [85, 93, 90, 90]

State: [0.8908315277099605, -1.4180725049972533, 2.997871984349489]
Control: [85, 93, 90, 90]

State: [0.8989229774475094, -1.440310878753662, 3.0170484157362605]
Control: [86, 90, 90, 90]

State: [0.9071350669860836, -1.4637440872192382, 3.0408391030340365]
Control: [86, 90, 90, 90]

State: [0.9147377586364742, -1.4861395788192748, 3.0646605683066284]
Control: [86, 90, 90, 90]

State: [0.922676620483398, -1.5075518321990966, 3.088638528477849]
Control: [87, 87, 90, 90]

State: [0.9307253932952877, -1.5303737354278564, 3.1146410541939407]
Control: [87, 90, 90, 90]

State: [0.9393003559112545, -1.552720112800598, 3.138663191146715]
Control: [87, 90, 87, 87]

State: [0.9473414993286129, -1.5739098024368285, -3.1190158169228357]
Control: [87, 87, 87, 87]

State: [0.9551876163482662, -1.5953150224685668, -3.091326080583349]
Control: [87, 87, 87, 87]

State: [0.9618888473510738, -1.61579017162323, -3.0669970627498917]
Control: [90, 87, 87, 87]

State: [0.966987905502319, -1.6321635675430297, -3.0484553043826965]
Control: [93, 87, 87, 87]

State: [0.9748745536804195, -1.6587402057647704, -3.020325568663054]
Control: [93, 87, 87, 87]

State: [0.9805152988433834, -1.6792095136642455, -3.0017340501567635]
Control: [93, 87, 87, 87]

State: [0.9858391857147213, -1.7004452180862426, -2.985379946943709]
Control: [93, 87, 87, 87]

State: [0.9908845996856686, -1.721574945449829, -2.9710034669320735]
Control: [93, 87, 87, 87]

State: [0.9955809688568111, -1.741630597114563, -2.9587079577509194]
Control: [93, 90, 87, 87]

State: [0.9977453327178951, -1.7510915231704711, -2.9537024219971593]
Control: [93, 87, 87, 87]

State: [0.9977453327178951, -1.7510915231704711, -2.9537024219971593]
Control: [93, 87, 87, 87]

State: [1.006930646896362, -1.792944951057434, -2.9346990615659587]
Control: [93, 90, 87, 87]

State: [1.0114892101287838, -1.8158518505096435, -2.9285531944428795]
Control: [93, 90, 87, 87]

State: [1.0125332450866695, -1.8230296802520751, -2.9265053104991736]
Control: [93, 90, 87, 87]

State: [1.0125332450866695, -1.8230296802520751, -2.9265053104991736]
Control: [93, 90, 87, 87]

State: [1.0147662734985348, -1.8443396520614623, -2.922524228323103]
Control: [93, 90, 87, 87]

State: [1.0173917388916012, -1.8733818960189819, -2.915730278740176]
Control: [93, 93, 87, 87]

State: [1.0173917388916012, -1.8733818960189819, -2.915730278740176]
Control: [93, 90, 87, 87]

State: [1.0185881233215328, -1.887663049697876, -2.9126622622930896]
Control: [93, 93, 87, 87]

State: [1.0173917388916012, -1.8733818960189819, -2.915730278740176]
Control: [93, 90, 87, 87]

State: [1.0185881233215328, -1.887663049697876, -2.9126622622930896]
Control: [93, 93, 87, 87]

State: [1.0185881233215328, -1.887663049697876, -2.9126622622930896]
Control: [93, 93, 87, 87]

State: [1.018598136901855, -1.8899001312255859, -2.9121527148355835]
Control: [93, 93, 87, 87]

State: [1.0189538574218746, -1.9081832599639892, -2.907420374074591]
Control: [93, 93, 90, 90]

State: [1.0189538574218746, -1.9081832599639892, -2.907420374074591]
Control: [93, 93, 87, 87]

State: [1.0143073177337643, -1.9855885934829711, -2.894279790809851]
Control: [94, 93, 90, 90]

State: [1.0132368183135982, -1.991663498878479, -2.8929990614509165]
Control: [93, 93, 90, 90]

State: [1.0086777782440182, -2.0092950296401977, -2.890032546420204]
Control: [94, 93, 90, 90]

State: [1.0066357231140133, -2.016645712852478, -2.889263031521674]
Control: [94, 93, 90, 90]

State: [1.005846080780029, -2.0199672412872314, -2.8894621932214415]
Control: [94, 93, 90, 90]

State: [1.0044766044616695, -2.0247091484069824, -2.889955337957085]
Control: [94, 93, 90, 90]

State: [1.0010400390624996, -2.0374923181533813, -2.893134292411365]
Control: [94, 93, 90, 90]

State: [0.9996555423736568, -2.0409566593170165, -2.895310880738661]
Control: [94, 93, 90, 90]

State: [0.9988303756713863, -2.0429286193847656, -2.897254381728442]
Control: [94, 93, 90, 90]

State: [0.9981275177001949, -2.04449848651886, -2.898566057999741]
Control: [94, 93, 90, 90]

State: [0.994479713439941, -2.049606246948242, -2.910346385182837]
Control: [94, 93, 90, 90]

State: [0.9933600997924801, -2.051035327911377, -2.916894679788446]
Control: [94, 93, 90, 90]

State: [0.9923225021362301, -2.0518200826644897, -2.922953407193166]
Control: [94, 93, 90, 90]

State: [0.9919834709167477, -2.05182270526886, -2.9266886904825196]
Control: [94, 93, 90, 90]

State: [0.9912865734100338, -2.0516605806350707, -2.9342476135110207]
Control: [94, 93, 90, 90]

State: [0.9906521415710445, -2.0498894882202148, -2.9486515992777305]
Control: [94, 93, 90, 90]

State: [0.9903836822509762, -2.0480736923217773, -2.958279787884502]
Control: [94, 93, 90, 90]

State: [0.9884689426422115, -2.0384104681015014, -2.9911208861159677]
Control: [94, 90, 90, 90]

State: [0.9881728267669674, -2.0371371936798095, -2.9949735309517482]
Control: [95, 93, 90, 90]

State: [0.9878993606567379, -2.0340588521957397, -3.004786766596884]
Control: [94, 90, 90, 90]

State: [0.988366661071777, -2.022283000946045, -3.0450539690823684]
Control: [93, 93, 87, 87]

State: [0.989317474365234, -2.014865322113037, -3.0664799038932316]
Control: [93, 93, 87, 87]

State: [0.9893518066406246, -2.0069457721710204, -3.087023538473852]
Control: [93, 93, 87, 87]

State: [0.9891677474975582, -2.0036174488067626, -3.0956832407857795]
Control: [93, 93, 87, 87]

State: [0.9883082485198971, -1.9899532032012939, -3.1311930774641614]
Control: [93, 93, 87, 87]

State: [0.9879544353485104, -1.9810005855560302, 3.1279482484090244]
Control: [93, 93, 87, 87]

State: [0.9870582199096676, -1.9719050359725951, 3.10723540314571]
Control: [93, 93, 87, 87]

State: [0.9857054328918453, -1.962626142501831, 3.0874611756970727]
Control: [93, 93, 87, 87]

State: [0.9833887195587154, -1.952673716545105, 3.066693264167122]
Control: [87, 93, 87, 87]

State: [0.9819911098480221, -1.9404192399978637, 3.0454099883491077]
Control: [87, 93, 87, 87]

State: [0.9802792644500729, -1.9305000734329223, 3.0302406582274335]
Control: [87, 93, 87, 87]

State: [0.9785037612915035, -1.9214655590057372, 3.017205635033788]
Control: [87, 93, 87, 87]

State: [0.976941404342651, -1.9140724372863769, 3.0082848023398414]
Control: [87, 94, 87, 87]

State: [0.9755960083007809, -1.904501838684082, 2.9983469265188814]
Control: [87, 94, 87, 87]

State: [0.975579795837402, -1.9042886924743652, 2.998132016519019]
Control: [87, 94, 87, 87]

State: [0.9730792617797848, -1.888665838241577, 2.990022188686136]
Control: [87, 94, 87, 87]

State: [0.9695463752746578, -1.8703613710403442, 2.9863778911476397]
Control: [87, 94, 87, 87]

State: [0.9689155197143551, -1.8674920034408569, 2.9865660464039623]
Control: [87, 94, 87, 87]

State: [0.9689155197143551, -1.8674920034408569, 2.9865660464039623]
Control: [87, 94, 87, 87]

State: [0.9675033664703365, -1.8610959482192992, 2.9878556084049075]
Control: [87, 94, 87, 87]

State: [0.960539398193359, -1.834721369743347, 3.0062331648589007]
Control: [87, 93, 87, 87]

State: [0.9562533473968502, -1.8220566940307616, 3.021071967164155]
Control: [87, 93, 87, 87]

State: [0.9529860591888424, -1.8123494815826415, 3.0332942209743914]
Control: [87, 93, 87, 87]

State: [0.9507623291015621, -1.8051767778396606, 3.042628397713023]
Control: [87, 93, 87, 87]

State: [0.9466181373596187, -1.7931476068496703, 3.062141346554259]
Control: [87, 93, 90, 90]

State: [0.9433053112030025, -1.7850565147399902, 3.0779736759790954]
Control: [87, 93, 90, 90]

State: [0.9433053112030025, -1.7850565147399902, 3.0779736759790954]
Control: [87, 93, 90, 90]

State: [0.9365928745269771, -1.7678041887283324, 3.116797030256898]
Control: [87, 93, 90, 90]

State: [0.9343724822998043, -1.7603183221817016, 3.136668426309114]
Control: [87, 93, 90, 90]

State: [0.9319582557678219, -1.7507737112045287, -3.1167157975855635]
Control: [90, 90, 90, 90]

State: [0.9308570003509518, -1.7451051902770995, -3.0982805392337394]
Control: [90, 90, 90, 90]

State: [0.9301672554016109, -1.7359401416778564, -3.070729808139769]
Control: [93, 87, 90, 90]

State: [0.9294331645965572, -1.7300593090057372, -3.0536113440559447]
Control: [93, 87, 90, 90]

State: [0.929111061096191, -1.7200468015670776, -3.029887797930341]
Control: [93, 87, 90, 90]

State: [0.9288850402832027, -1.7121156883239745, -3.0137570844873816]
Control: [93, 87, 90, 90]

State: [0.9294603443145748, -1.7051028442382812, -3.0002850892903314]
Control: [93, 87, 90, 90]

State: [0.9301159954071041, -1.6987606716156005, -2.9900548730078955]
Control: [93, 87, 90, 90]

State: [0.930972633361816, -1.6931117010116576, -2.9812896342680215]
Control: [93, 87, 90, 90]

State: [0.9324517822265621, -1.6873252820968627, -2.975010313388183]
Control: [93, 87, 90, 90]

State: [0.9339275932312008, -1.6820502710342407, -2.970994532385912]
Control: [93, 87, 90, 90]

State: [0.9360004043579098, -1.6761230659484863, -2.9686790590170573]
Control: [93, 87, 90, 90]

State: [0.9383650398254391, -1.6698023509979247, -2.968887289427996]
Control: [93, 87, 90, 90]

State: [0.9402800178527828, -1.6653222274780273, -2.9698966238799187]
Control: [93, 87, 90, 90]

State: [0.9446712112426754, -1.6567353439331054, -2.9748288876249736]
Control: [93, 87, 90, 90]

State: [0.9479737854003902, -1.650724811553955, -2.9809435359422745]
Control: [93, 87, 87, 87]

State: [0.9511488056182857, -1.6453434658050536, -2.9892072755338006]
Control: [93, 87, 87, 87]

State: [0.9538827514648434, -1.6401913595199584, -2.999458273738918]
Control: [93, 87, 87, 87]

State: [0.956421909332275, -1.6342691612243652, -3.0130642924591786]
Control: [90, 87, 87, 87]

State: [0.958687124252319, -1.6289701890945434, -3.027120072929621]
Control: [90, 87, 87, 87]

State: [0.9607456302642818, -1.6236921977996825, -3.0418174135325047]
Control: [90, 87, 87, 87]

State: [0.9624963378906246, -1.6192006301879882, -3.056931472213345]
Control: [90, 87, 87, 87]

State: [0.9642119979858395, -1.6143817138671874, -3.073082180335118]
Control: [90, 87, 87, 87]

State: [0.9669569110870357, -1.6093984079360961, -3.0968615775122936]
Control: [87, 87, 87, 87]

State: [0.9685319042205807, -1.6058173608779907, -3.110998477254457]
Control: [87, 87, 87, 87]

State: [0.9700627899169918, -1.6025050115585326, -3.1287677476693614]
Control: [87, 87, 87, 87]

State: [0.9708150005340572, -1.6011798810958862, -3.141052477773189]
Control: [87, 90, 87, 87]

State: [0.9714911556243893, -1.5999116134643554, 3.1299256053013953]
Control: [87, 90, 87, 87]

State: [0.971779403686523, -1.5982702207565307, 3.1024666812422237]
Control: [87, 90, 87, 87]

State: [0.9710081195831295, -1.5972559881210326, 3.0890549577342243]
Control: [87, 90, 87, 87]

State: [0.9704378223419186, -1.5959129762649535, 3.0793299540480135]
Control: [87, 90, 87, 87]

State: [0.9693604087829586, -1.5946253967285156, 3.0664769674413415]
Control: [87, 93, 87, 87]

State: [0.9685409641265865, -1.5930304956436157, 3.0548215674869104]
Control: [87, 93, 87, 87]

State: [0.9670365428924557, -1.5911312532424926, 3.047747585299684]
Control: [87, 93, 87, 87]

State: [0.965328273773193, -1.5893756580352782, 3.041384982718316]
Control: [87, 93, 90, 90]

State: [0.9640858745574947, -1.5877454710006713, 3.0347044353996946]
Control: [87, 93, 90, 90]

State: [0.9630516147613521, -1.5862663221359252, 3.029906653285091]
Control: [87, 93, 90, 90]

State: [0.9626017189025875, -1.5847311449050903, 3.027237522723889]
Control: [87, 93, 90, 90]

State: [0.9625757312774654, -1.5833864641189574, 3.0268391722759938]
Control: [87, 93, 90, 90]

State: [0.9628997421264645, -1.5815810394287109, 3.0290677072311243]
Control: [87, 93, 90, 90]

State: [0.9635615921020504, -1.5797864627838134, 3.0334665590922145]
Control: [87, 93, 90, 90]

State: [0.9646807289123531, -1.5777520370483398, 3.039423607973041]
Control: [87, 93, 87, 87]

State: [0.9653273200988766, -1.5762174558639526, 3.047860353479087]
Control: [87, 93, 87, 87]

State: [0.9662089920043941, -1.5742569398880004, 3.062784674128799]
Control: [87, 93, 87, 87]

State: [0.9656684970855709, -1.5725365114212035, 3.07714773929522]
Control: [87, 90, 87, 87]

State: [0.9647877788543697, -1.5713441801071166, 3.0925467395115427]
Control: [87, 90, 87, 87]

State: [0.9635012722015377, -1.5703777503967284, 3.1093642750073323]
Control: [87, 90, 87, 87]

State: [0.9616342163085934, -1.5704502296447753, 3.125770955570203]
Control: [87, 90, 87, 87]

State: [0.9596453285217281, -1.5704644155502319, -3.138550931107937]
Control: [87, 87, 87, 87]

State: [0.9572735404968258, -1.5709820222854614, -3.1200449791223948]
Control: [87, 87, 87, 87]

State: [0.9544160938262936, -1.5713738632202148, -3.1008059289709426]
Control: [87, 87, 87, 87]

State: [0.9507942771911617, -1.5723926258087157, -3.0801874389282773]
Control: [87, 87, 90, 90]

State: [0.9469125843048092, -1.57362811088562, -3.0604663483393173]
Control: [90, 87, 90, 90]

State: [0.943454322814941, -1.5757403802871703, -3.0414741194088273]
Control: [90, 87, 90, 90]

State: [0.9404523944854732, -1.577878279685974, -3.024540060026992]
Control: [90, 87, 90, 90]

State: [0.938155946731567, -1.5803238582611083, -3.0092619425768623]
Control: [93, 87, 90, 90]

State: [0.9355261898040768, -1.58341233253479, -2.994223253673356]
Control: [93, 87, 90, 90]

State: [0.9330585575103756, -1.5862139892578124, -2.982366434516845]
Control: [93, 87, 90, 90]

State: [0.9311636066436764, -1.5888758134841918, -2.972936322544936]
Control: [93, 87, 90, 90]

State: [0.9298031902313229, -1.591137809753418, -2.9659719961876747]
Control: [90, 87, 90, 90]

State: [0.9290824508666988, -1.5932386350631713, -2.9608471542313617]
Control: [90, 87, 90, 90]

State: [0.9284468269348141, -1.5959705543518066, -2.955962545966424]
Control: [90, 87, 90, 90]

State: [0.9283741092681881, -1.5979673099517822, -2.9538826127970186]
Control: [90, 87, 90, 90]

State: [0.9285095310211178, -1.6007708740234374, -2.9521191151548383]
Control: [90, 87, 90, 90]

State: [0.9290755367279049, -1.6058201026916503, -2.9511473793871055]
Control: [90, 87, 90, 90]

State: [0.9299502944946285, -1.610123677253723, -2.951601015854299]
Control: [90, 87, 90, 90]

State: [0.9306028461456295, -1.6138467025756835, -2.9526079519886625]
Control: [90, 87, 90, 90]

State: [0.9318442916870113, -1.619783682823181, -2.9554885208587773]
Control: [90, 87, 90, 90]

State: [0.9328375434875484, -1.6245216560363769, -2.9589858908427624]
Control: [90, 87, 90, 90]

